        2001
   3.8317059702075125     
   7.0155866698156188     
   10.173468135062722     
   13.323691936314223     
   16.470630050877634     
   19.615858510468243     
   22.760084380592772     
   25.903672087618382     
   29.046828534916855     
   32.189679910974405     
   35.332307550083868     
   38.474766234771614     
   41.617094212814450     
   44.759318997652819     
   47.901460887185451     
   51.043535183571507     
   54.185553641061318     
   57.327525437901009     
   60.469457845347492     
   63.611356698481231     
   66.753226734098490     
   69.895071837495777     
   73.036895225573829     
   76.178699584641464     
   79.320487175476302     
   82.462259914373561     
   85.604019436350228     
   88.745767144926305     
   91.887504251694992     
   95.029231808044699     
   98.170950730790778     
   101.31266182303872     
   104.45436579128275     
   107.59606325950917     
   110.73775478089921     
   113.87944084759499     
   117.02112189889243     
   120.16279832814901     
   123.30447048863572     
   126.44613869851659     
   129.58780324510400     
   132.72946438850963     
   135.87112236478899     
   139.01277738865971     
   142.15442965585902     
   145.29607934519592     
   148.43772662034223     
   151.57937163140141     
   154.72101451628595     
   157.86265540193031     
   161.00429440536200     
   164.14593163464963     
   167.28756718974410     
   170.42920116322662     
   173.57083364097593     
   176.71246470276375     
   179.85409442278839     
   182.99572287015297     
   186.13735010929551     
   189.27897620037601     
   192.42060119962571     
   195.56222515966257     
   198.70384812977704     
   201.84547015619088     
   204.98709128229234     
   208.12871154885005     
   211.27033099420777     
   214.41194965446198     
   217.55356756362420     
   220.69518475376935     
   223.83680125517174     
   226.97841709642947     
   230.12003230457910     
   233.26164690520062     
   236.40326092251431     
   239.54487437946986     
   242.68648729782871     
   245.82809969823981     
   248.96971160030995     
   252.11132302266859     
   255.25293398302813     
   258.39454449823950     
   261.53615458434405     
   264.67776425662151     
   267.81937352963456     
   270.96098241727071     
   274.10259093278069     
   277.24419908881458     
   280.38580689745561     
   283.52741437025139     
   286.66902151824343     
   289.81062835199441     
   292.95223488161389     
   296.09384111678247     
   299.23544706677416     
   302.37705274047750     
   305.51865814641559     
   308.66026329276440     
   311.80186818737047     
   314.94347283776716     
   318.08507725119034     
   321.22668143459276     
   324.36828539465785     
   327.50988913781248     
   330.65149267023941     
   333.79309599788854     
   336.93469912648800     
   340.07630206155409     
   343.21790480840122     
   346.35950737215103     
   349.50110975774089     
   352.64271196993241     
   355.78431401331881     
   358.92591589233268     
   362.06751761125264     
   365.20911917421012     
   368.35072058519569     
   371.49232184806482     
   374.63392296654371     
   377.77552394423464     
   380.91712478462091     
   384.05872549107210     
   387.20032606684822     
   390.34192651510438     
   393.48352683889493     
   396.62512704117756     
   399.76672712481678     
   402.90832709258797     
   406.04992694718038     
   409.19152669120098     
   412.33312632717701     
   415.47472585755941     
   418.61632528472552     
   421.75792461098183     
   424.89952383856667     
   428.04112296965263     
   431.18272200634891     
   434.32432095070374     
   437.46591980470663     
   440.60751857029015     
   443.74911724933219     
   446.89071584365797     
   450.03231435504165     
   453.17391278520813     
   456.31551113583492     
   459.45710940855355     
   462.59870760495130     
   465.74030572657267     
   468.88190377492060     
   472.02350175145818     
   475.16509965760974     
   478.30669749476220     
   481.44829526426628     
   484.58989296743761     
   487.73149060555801     
   490.87308817987650     
   494.01468569161023     
   497.15628314194566     
   500.29788053203947     
   503.43947786301936     
   506.58107513598520     
   509.72267235200957     
   512.86426951213889     
   516.00586661739419     
   519.14746366877148     
   522.28906066724312     
   525.43065761375806     
   528.57225450924284     
   531.71385135460173     
   534.85544815071819     
   537.99704489845476     
   541.13864159865409     
   544.28023825213938     
   547.42183485971486     
   550.56343142216645     
   553.70502794026208     
   556.84662441475268     
   559.98822084637209     
   563.12981723583766     
   566.27141358385120     
   569.41300989109868     
   572.55460615825109     
   575.69620238596508     
   578.83779857488253     
   581.97939472563178     
   585.12099083882765     
   588.26258691507189     
   591.40418295495328     
   594.54577895904822     
   597.68737492792104     
   600.82897086212427     
   603.97056676219893     
   607.11216262867470     
   610.25375846207066     
   613.39535426289501     
   616.53695003164557     
   619.67854576881030     
   622.82014147486711     
   625.96173715028431     
   629.10333279552106     
   632.24492841102710     
   635.38652399724356     
   638.52811955460265     
   641.66971508352822     
   644.81131058443600     
   647.95290605773346     
   651.09450150382008     
   654.23609692308821     
   657.37769231592199     
   660.51928768269886     
   663.66088302378876     
   666.80247833955480     
   669.94407363035305     
   673.08566889653343     
   676.22726413843873     
   679.36885935640589     
   682.51045455076553     
   685.65204972184199     
   688.79364486995394     
   691.93523999541424     
   695.07683509852984     
   698.21843017960259     
   701.36002523892853     
   704.50162027679858     
   707.64321529349866     
   710.78481028930923     
   713.92640526450634     
   717.06800021936078     
   720.20959515413870     
   723.35119006910179     
   726.49278496450700     
   729.63437984060704     
   732.77597469765021     
   735.91756953588060     
   739.05916435553797     
   742.20075915685834     
   745.34235394007351     
   748.48394870541142     
   751.62554345309627     
   754.76713818334861     
   757.90873289638500     
   761.05032759241874     
   764.19192227165945     
   767.33351693431359     
   770.47511158058387     
   773.61670621066992     
   776.75830082476818     
   779.89989542307183     
   783.04149000577092     
   786.18308457305261     
   789.32467912510083     
   792.46627366209691     
   795.60786818421911     
   798.74946269164298     
   801.89105718454118     
   805.03265166308381     
   808.17424612743832     
   811.31584057776934     
   814.45743501423942     
   817.59902943700820     
   820.74062384623301     
   823.88221824206880     
   827.02381262466815     
   830.16540699418147     
   833.30700135075642     
   836.44859569453911     
   839.59019002567300     
   842.73178434429963     
   845.87337865055827     
   849.01497294458625     
   852.15656722651886     
   855.29816149648923     
   858.43975575462900     
   861.58135000106722     
   864.72294423593178     
   867.86453845934807     
   871.00613267144024     
   874.14772687233017     
   877.28932106213824     
   880.43091524098315     
   883.57250940898177     
   886.71410356624938     
   889.85569771289977     
   892.99729184904481     
   896.13888597479513     
   899.28048009025963     
   902.42207419554575     
   905.56366829075932     
   908.70526237600484     
   911.84685645138552     
   914.98845051700266     
   918.13004457295676     
   921.27163861934662     
   924.41323265626954     
   927.55482668382206     
   930.69642070209875     
   933.83801471119341     
   936.97960871119835     
   940.12120270220464     
   943.26279668430232     
   946.40439065758005     
   949.54598462212527     
   952.68757857802450     
   955.82917252536299     
   958.97076646422477     
   962.11236039469293     
   965.25395431684944     
   968.39554823077526     
   971.53714213655007     
   974.67873603425278     
   977.82032992396125     
   980.96192380575224     
   984.10351767970144     
   987.24511154588401     
   990.38670540437352     
   993.52829925524327     
   996.66989309856501     
   999.81148693441014     
   1002.9530807628488     
   1006.0946745839503     
   1009.2362683977833     
   1012.3778622044155     
   1015.5194560039135     
   1018.6610497963436     
   1021.8026435817708     
   1024.9442373602594     
   1028.0858311318732     
   1031.2274248966751     
   1034.3690186547269     
   1037.5106124060901     
   1040.6522061508254     
   1043.7937998889922     
   1046.9353936206501     
   1050.0769873458571     
   1053.2185810646715     
   1056.3601747771497     
   1059.5017684833485     
   1062.6433621833235     
   1065.7849558771295     
   1068.9265495648212     
   1072.0681432464523     
   1075.2097369220758     
   1078.3513305917440     
   1081.4929242555095     
   1084.6345179134230     
   1087.7761115655351     
   1090.9177052118964     
   1094.0592988525561     
   1097.2008924875636     
   1100.3424861169667     
   1103.4840797408135     
   1106.6256733591517     
   1109.7672669720275     
   1112.9088605794875     
   1116.0504541815774     
   1119.1920477783424     
   1122.3336413698273     
   1125.4752349560761     
   1128.6168285371327     
   1131.7584221130401     
   1134.9000156838415     
   1138.0416092495789     
   1141.1832028102940     
   1144.3247963660283     
   1147.4663899168229     
   1150.6079834627180     
   1153.7495770037535     
   1156.8911705399696     
   1160.0327640714049     
   1163.1743575980981     
   1166.3159511200879     
   1169.4575446374120     
   1172.5991381501080     
   1175.7407316582128     
   1178.8823251617632     
   1182.0239186607957     
   1185.1655121553458     
   1188.3071056454496     
   1191.4486991311419     
   1194.5902926124575     
   1197.7318860894309     
   1200.8734795620965     
   1204.0150730304874     
   1207.1566664946374     
   1210.2982599545796     
   1213.4398534103464     
   1216.5814468619701     
   1219.7230403094832     
   1222.8646337529167     
   1226.0062271923025     
   1229.1478206276715     
   1232.2894140590543     
   1235.4310074864813     
   1238.5726009099828     
   1241.7141943295885     
   1244.8557877453277     
   1247.9973811572299     
   1251.1389745653239     
   1254.2805679696382     
   1257.4221613702014     
   1260.5637547670412     
   1263.7053481601856     
   1266.8469415496622     
   1269.9885349354979     
   1273.1301283177197     
   1276.2717216963545     
   1279.4133150714285     
   1282.5549084429681     
   1285.6965018109991     
   1288.8380951755471     
   1291.9796885366375     
   1295.1212818942956     
   1298.2628752485462     
   1301.4044685994140     
   1304.5460619469234     
   1307.6876552910987     
   1310.8292486319638     
   1313.9708419695426     
   1317.1124353038583     
   1320.2540286349345     
   1323.3956219627939     
   1326.5372152874600     
   1329.6788086089548     
   1332.8204019273010     
   1335.9619952425207     
   1339.1035885546362     
   1342.2451818636689     
   1345.3867751696405     
   1348.5283684725725     
   1351.6699617724862     
   1354.8115550694024     
   1357.9531483633418     
   1361.0947416543254     
   1364.2363349423733     
   1367.3779282275059     
   1370.5195215097431     
   1373.6611147891049     
   1376.8027080656109     
   1379.9443013392804     
   1383.0858946101332     
   1386.2274878781882     
   1389.3690811434644     
   1392.5106744059806     
   1395.6522676657553     
   1398.7938609228072     
   1401.9354541771545     
   1405.0770474288151     
   1408.2186406778076     
   1411.3602339241493     
   1414.5018271678580     
   1417.6434204089512     
   1420.7850136474465     
   1423.9266068833606     
   1427.0682001167108     
   1430.2097933475141     
   1433.3513865757870     
   1436.4929798015464     
   1439.6345730248088     
   1442.7761662455900     
   1445.9177594639066     
   1449.0593526797745     
   1452.2009458932096     
   1455.3425391042276     
   1458.4841323128444     
   1461.6257255190751     
   1464.7673187229352     
   1467.9089119244402     
   1471.0505051236046     
   1474.1920983204438     
   1477.3336915149725     
   1480.4752847072057     
   1483.6168778971576     
   1486.7584710848425     
   1489.9000642702754     
   1493.0416574534700     
   1496.1832506344404     
   1499.3248438132007     
   1502.4664369897650     
   1505.6080301641468     
   1508.7496233363597     
   1511.8912165064173     
   1515.0328096743328     
   1518.1744028401199     
   1521.3159960037917     
   1524.4575891653610     
   1527.5991823248407     
   1530.7407754822443     
   1533.8823686375838     
   1537.0239617908724     
   1540.1655549421225     
   1543.3071480913463     
   1546.4487412385565     
   1549.5903343837651     
   1552.7319275269845     
   1555.8735206682265     
   1559.0151138075032     
   1562.1567069448263     
   1565.2983000802078     
   1568.4398932136592     
   1571.5814863451919     
   1574.7230794748180     
   1577.8646726025481     
   1581.0062657283941     
   1584.1478588523669     
   1587.2894519744777     
   1590.4310450947378     
   1593.5726382131577     
   1596.7142313297484     
   1599.8558244445210     
   1602.9974175574857     
   1606.1390106686533     
   1609.2806037780344     
   1612.4221968856396     
   1615.5637899914789     
   1618.7053830955626     
   1621.8469761979013     
   1624.9885692985047     
   1628.1301623973832     
   1631.2717554945464     
   1634.4133485900043     
   1637.5549416837669     
   1640.6965347758439     
   1643.8381278662448     
   1646.9797209549793     
   1650.1213140420568     
   1653.2629071274869     
   1656.4045002112789     
   1659.5460932934423     
   1662.6876863739860     
   1665.8292794529193     
   1668.9708725302512     
   1672.1124656059910     
   1675.2540586801474     
   1678.3956517527295     
   1681.5372448237458     
   1684.6788378932056     
   1687.8204309611169     
   1690.9620240274890     
   1694.1036170923298     
   1697.2452101556485     
   1700.3868032174530     
   1703.5283962777519     
   1706.6699893365535     
   1709.8115823938660     
   1712.9531754496977     
   1716.0947685040564     
   1719.2363615569507     
   1722.3779546083883     
   1725.5195476583772     
   1728.6611407069254     
   1731.8027337540404     
   1734.9443267997306     
   1738.0859198440030     
   1741.2275128868657     
   1744.3691059283265     
   1747.5106989683923     
   1750.6522920070713     
   1753.7938850443707     
   1756.9354780802976     
   1760.0770711148598     
   1763.2186641480644     
   1766.3602571799188     
   1769.5018502104299     
   1772.6434432396049     
   1775.7850362674512     
   1778.9266292939756     
   1782.0682223191848     
   1785.2098153430863     
   1788.3514083656869     
   1791.4930013869930     
   1794.6345944070119     
   1797.7761874257501     
   1800.9177804432143     
   1804.0593734594111     
   1807.2009664743473     
   1810.3425594880293     
   1813.4841525004638     
   1816.6257455116572     
   1819.7673385216158     
   1822.9089315303461     
   1826.0505245378542     
   1829.1921175441469     
   1832.3337105492301     
   1835.4753035531101     
   1838.6168965557929     
   1841.7584895572847     
   1844.9000825575918     
   1848.0416755567201     
   1851.1832685546756     
   1854.3248615514642     
   1857.4664545470919     
   1860.6080475415645     
   1863.7496405348879     
   1866.8912335270679     
   1870.0328265181104     
   1873.1744195080207     
   1876.3160124968051     
   1879.4576054844688     
   1882.5991984710174     
   1885.7407914564567     
   1888.8823844407921     
   1892.0239774240292     
   1895.1655704061734     
   1898.3071633872300     
   1901.4487563672046     
   1904.5903493461024     
   1907.7319423239289     
   1910.8735353006891     
   1914.0151282763886     
   1917.1567212510324     
   1920.2983142246258     
   1923.4399071971736     
   1926.5815001686813     
   1929.7230931391539     
   1932.8646861085965     
   1936.0062790770139     
   1939.1478720444111     
   1942.2894650107933     
   1945.4310579761652     
   1948.5726509405317     
   1951.7142439038978     
   1954.8558368662684     
   1957.9974298276479     
   1961.1390227880413     
   1964.2806157474533     
   1967.4222087058888     
   1970.5638016633523     
   1973.7053946198482     
   1976.8469875753815     
   1979.9885805299566     
   1983.1301734835781     
   1986.2717664362506     
   1989.4133593879783     
   1992.5549523387660     
   1995.6965452886179     
   1998.8381382375387     
   2001.9797311855325     
   2005.1213241326038     
   2008.2629170787568     
   2011.4045100239960     
   2014.5461029683256     
   2017.6876959117496     
   2020.8292888542726     
   2023.9708817958988     
   2027.1124747366321     
   2030.2540676764766     
   2033.3956606154368     
   2036.5372535535164     
   2039.6788464907197     
   2042.8204394270506     
   2045.9620323625134     
   2049.1036252971116     
   2052.2452182308498     
   2055.3868111637312     
   2058.5284040957604     
   2061.6699970269410     
   2064.8115899572767     
   2067.9531828867716     
   2071.0947758154298     
   2074.2363687432544     
   2077.3779616702500     
   2080.5195545964193     
   2083.6611475217674     
   2086.8027404462964     
   2089.9443333700115     
   2093.0859262929157     
   2096.2275192150123     
   2099.3691121363054     
   2102.5107050567985     
   2105.6522979764954     
   2108.7938908953993     
   2111.9354838135137     
   2115.0770767308422     
   2118.2186696473887     
   2121.3602625631561     
   2124.5018554781486     
   2127.6434483923686     
   2130.7850413058204     
   2133.9266342185069     
   2137.0682271304318     
   2140.2098200415981     
   2143.3514129520090     
   2146.4930058616687     
   2149.6345987705795     
   2152.7761916787454     
   2155.9177845861695     
   2159.0593774928548     
   2162.2009703988042     
   2165.3425633040220     
   2168.4841562085103     
   2171.6257491122728     
   2174.7673420153124     
   2177.9089349176325     
   2181.0505278192359     
   2184.1921207201258     
   2187.3337136203054     
   2190.4753065197779     
   2193.6168994185459     
   2196.7584923166123     
   2199.9000852139811     
   2203.0416781106542     
   2206.1832710066351     
   2209.3248639019266     
   2212.4664567965319     
   2215.6080496904538     
   2218.7496425836948     
   2221.8912354762583     
   2225.0328283681470     
   2228.1744212593635     
   2231.3160141499106     
   2234.4576070397920     
   2237.5991999290095     
   2240.7407928175667     
   2243.8823857054658     
   2247.0239785927092     
   2250.1655714793010     
   2253.3071643652424     
   2256.4487572505373     
   2259.5903501351877     
   2262.7319430191965     
   2265.8735359025659     
   2269.0151287852996     
   2272.1567216673993     
   2275.2983145488683     
   2278.4399074297089     
   2281.5815003099233     
   2284.7230931895147     
   2287.8646860684858     
   2291.0062789468384     
   2294.1478718245753     
   2297.2894647016992     
   2300.4310575782124     
   2303.5726504541180     
   2306.7142433294180     
   2309.8558362041144     
   2312.9974290782106     
   2316.1390219517084     
   2319.2806148246109     
   2322.4222076969195     
   2325.5638005686374     
   2328.7053934397668     
   2331.8469863103101     
   2334.9885791802694     
   2338.1301720496476     
   2341.2717649184465     
   2344.4133577866683     
   2347.5549506543161     
   2350.6965435213915     
   2353.8381363878971     
   2356.9797292538351     
   2360.1213221192079     
   2363.2629149840172     
   2366.4045078482663     
   2369.5461007119566     
   2372.6876935750902     
   2375.8292864376699     
   2378.9708792996976     
   2382.1124721611754     
   2385.2540650221058     
   2388.3956578824905     
   2391.5372507423322     
   2394.6788436016327     
   2397.8204364603939     
   2400.9620293186185     
   2404.1036221763079     
   2407.2452150334648     
   2410.3868078900909     
   2413.5284007461887     
   2416.6699936017599     
   2419.8115864568067     
   2422.9531793113310     
   2426.0947721653347     
   2429.2363650188204     
   2432.3779578717895     
   2435.5195507242443     
   2438.6611435761865     
   2441.8027364276186     
   2444.9443292785422     
   2448.0859221289597     
   2451.2275149788720     
   2454.3691078282823     
   2457.5107006771914     
   2460.6522935256021     
   2463.7938863735158     
   2466.9354792209347     
   2470.0770720678606     
   2473.2186649142955     
   2476.3602577602405     
   2479.5018506056986     
   2482.6434434506709     
   2485.7850362951594     
   2488.9266291391659     
   2492.0682219826926     
   2495.2098148257410     
   2498.3514076683127     
   2501.4930005104097     
   2504.6345933520342     
   2507.7761861931872     
   2510.9177790338708     
   2514.0593718740874     
   2517.2009647138375     
   2520.3425575531237     
   2523.4841503919479     
   2526.6257432303109     
   2529.7673360682152     
   2532.9089289056624     
   2536.0505217426539     
   2539.1921145791916     
   2542.3337074152773     
   2545.4753002509124     
   2548.6168930860990     
   2551.7584859208382     
   2554.9000787551317     
   2558.0416715889819     
   2561.1832644223891     
   2564.3248572553566     
   2567.4664500878844     
   2570.6080429199751     
   2573.7496357516302     
   2576.8912285828510     
   2580.0328214136389     
   2583.1744142439961     
   2586.3160070739241     
   2589.4575999034237     
   2592.5991927324972     
   2595.7407855611459     
   2598.8823783893718     
   2602.0239712171756     
   2605.1655640445592     
   2608.3071568715241     
   2611.4487496980719     
   2614.5903425242041     
   2617.7319353499224     
   2620.8735281752279     
   2624.0151210001222     
   2627.1567138246064     
   2630.2983066486831     
   2633.4398994723524     
   2636.5814922956170     
   2639.7230851184772     
   2642.8646779409351     
   2646.0062707629922     
   2649.1478635846493     
   2652.2894564059088     
   2655.4310492267714     
   2658.5726420472383     
   2661.7142348673119     
   2664.8558276869926     
   2667.9974205062822     
   2671.1390133251816     
   2674.2806061436931     
   2677.4221989618177     
   2680.5637917795566     
   2683.7053845969108     
   2686.8469774138821     
   2689.9885702304723     
   2693.1301630466814     
   2696.2717558625122     
   2699.4133486779651     
   2702.5549414930420     
   2705.6965343077436     
   2708.8381271220715     
   2711.9797199360269     
   2715.1213127496112     
   2718.2629055628258     
   2721.4044983756721     
   2724.5460911881510     
   2727.6876840002637     
   2730.8292768120118     
   2733.9708696233961     
   2737.1124624344188     
   2740.2540552450801     
   2743.3956480553816     
   2746.5372408653247     
   2749.6788336749105     
   2752.8204264841402     
   2755.9620192930151     
   2759.1036121015368     
   2762.2452049097055     
   2765.3867977175232     
   2768.5283905249912     
   2771.6699833321100     
   2774.8115761388813     
   2777.9531689453056     
   2781.0947617513852     
   2784.2363545571206     
   2787.3779473625127     
   2790.5195401675637     
   2793.6611329722732     
   2796.8027257766439     
   2799.9443185806758     
   2803.0859113843708     
   2806.2275041877297     
   2809.3690969907534     
   2812.5106897934434     
   2815.6522825958004     
   2818.7938753978260     
   2821.9354681995210     
   2825.0770610008867     
   2828.2186538019241     
   2831.3602466026346     
   2834.5018394030185     
   2837.6434322030777     
   2840.7850250028127     
   2843.9266178022249     
   2847.0682106013155     
   2850.2098034000851     
   2853.3513961985350     
   2856.4929889966666     
   2859.6345817944803     
   2862.7761745919775     
   2865.9177673891591     
   2869.0593601860264     
   2872.2009529825800     
   2875.3425457788217     
   2878.4841385747513     
   2881.6257313703713     
   2884.7673241656817     
   2887.9089169606837     
   2891.0505097553782     
   2894.1921025497663     
   2897.3336953438493     
   2900.4752881376280     
   2903.6168809311034     
   2906.7584737242760     
   2909.9000665171475     
   2913.0416593097189     
   2916.1832521019905     
   2919.3248448939635     
   2922.4664376856390     
   2925.6080304770180     
   2928.7496232681019     
   2931.8912160588907     
   2935.0328088493857     
   2938.1744016395878     
   2941.3159944294985     
   2944.4575872191181     
   2947.5991800084475     
   2950.7407727974883     
   2953.8823655862407     
   2957.0239583747061     
   2960.1655511628851     
   2963.3071439507785     
   2966.4487367383877     
   2969.5903295257135     
   2972.7319223127565     
   2975.8735150995176     
   2979.0151078859981     
   2982.1567006721980     
   2985.2982934581191     
   2988.4398862437624     
   2991.5814790291279     
   2994.7230718142173     
   2997.8646645990307     
   3001.0062573835694     
   3004.1478501678343     
   3007.2894429518260     
   3010.4310357355457     
   3013.5726285189944     
   3016.7142213021721     
   3019.8558140850805     
   3022.9974068677202     
   3026.1389996500916     
   3029.2805924321960     
   3032.4221852140345     
   3035.5637779956069     
   3038.7053707769151     
   3041.8469635579595     
   3044.9885563387406     
   3048.1301491192598     
   3051.2717418995176     
   3054.4133346795147     
   3057.5549274592522     
   3060.6965202387305     
   3063.8381130179509     
   3066.9797057969135     
   3070.1212985756201     
   3073.2628913540707     
   3076.4044841322661     
   3079.5460769102074     
   3082.6876696878953     
   3085.8292624653304     
   3088.9708552425136     
   3092.1124480194458     
   3095.2540407961274     
   3098.3956335725593     
   3101.5372263487425     
   3104.6788191246778     
   3107.8204119003653     
   3110.9620046758068     
   3114.1035974510019     
   3117.2451902259522     
   3120.3867830006579     
   3123.5283757751204     
   3126.6699685493395     
   3129.8115613233167     
   3132.9531540970524     
   3136.0947468705476     
   3139.2363396438027     
   3142.3779324168181     
   3145.5195251895952     
   3148.6611179621345     
   3151.8027107344369     
   3154.9443035065028     
   3158.0858962783327     
   3161.2274890499280     
   3164.3690818212885     
   3167.5106745924159     
   3170.6522673633099     
   3173.7938601339720     
   3176.9354529044026     
   3180.0770456746022     
   3183.2186384445713     
   3186.3602312143116     
   3189.5018239838223     
   3192.6434167531056     
   3195.7850095221611     
   3198.9266022909896     
   3202.0681950595922     
   3205.2097878279696     
   3208.3513805961220     
   3211.4929733640502     
   3214.6345661317550     
   3217.7761588992366     
   3220.9177516664963     
   3224.0593444335345     
   3227.2009372003522     
   3230.3425299669493     
   3233.4841227333268     
   3236.6257154994851     
   3239.7673082654255     
   3242.9089010311482     
   3246.0504937966534     
   3249.1920865619427     
   3252.3336793270159     
   3255.4752720918741     
   3258.6168648565176     
   3261.7584576209474     
   3264.9000503851635     
   3268.0416431491672     
   3271.1832359129589     
   3274.3248286765388     
   3277.4664214399081     
   3280.6080142030673     
   3283.7496069660165     
   3286.8911997287569     
   3290.0327924912885     
   3293.1743852536129     
   3296.3159780157293     
   3299.4575707776394     
   3302.5991635393434     
   3305.7407563008419     
   3308.8823490621357     
   3312.0239418232250     
   3315.1655345841104     
   3318.3071273447927     
   3321.4487201052725     
   3324.5903128655500     
   3327.7319056256265     
   3330.8734983855020     
   3334.0150911451769     
   3337.1566839046527     
   3340.2982766639288     
   3343.4398694230063     
   3346.5814621818859     
   3349.7230549405681     
   3352.8646476990530     
   3356.0062404573418     
   3359.1478332154347     
   3362.2894259733325     
   3365.4310187310352     
   3368.5726114885438     
   3371.7142042458590     
   3374.8557970029810     
   3377.9973897599102     
   3381.1389825166475     
   3384.2805752731933     
   3387.4221680295482     
   3390.5637607857125     
   3393.7053535416871     
   3396.8469462974722     
   3399.9885390530685     
   3403.1301318084766     
   3406.2717245636964     
   3409.4133173187292     
   3412.5549100735752     
   3415.6965028282352     
   3418.8380955827092     
   3421.9796883369982     
   3425.1212810911020     
   3428.2628738450217     
   3431.4044665987581     
   3434.5460593523107     
   3437.6876521056811     
   3440.8292448588691     
   3443.9708376118756     
   3447.1124303647007     
   3450.2540231173448     
   3453.3956158698093     
   3456.5372086220937     
   3459.6788013741989     
   3462.8203941261249     
   3465.9619868778732     
   3469.1035796294436     
   3472.2451723808367     
   3475.3867651320529     
   3478.5283578830931     
   3481.6699506339569     
   3484.8115433846456     
   3487.9531361351592     
   3491.0947288854986     
   3494.2363216356639     
   3497.3779143856559     
   3500.5195071354747     
   3503.6610998851211     
   3506.8026926345951     
   3509.9442853838977     
   3513.0858781330289     
   3516.2274708819896     
   3519.3690636307797     
   3522.5106563794002     
   3525.6522491278515     
   3528.7938418761337     
   3531.9354346242476     
   3535.0770273721932     
   3538.2186201199715     
   3541.3602128675825     
   3544.5018056150270     
   3547.6433983623051     
   3550.7849911094177     
   3553.9265838563647     
   3557.0681766031471     
   3560.2097693497649     
   3563.3513620962185     
   3566.4929548425084     
   3569.6345475886355     
   3572.7761403345994     
   3575.9177330804014     
   3579.0593258260415     
   3582.2009185715201     
   3585.3425113168373     
   3588.4841040619945     
   3591.6256968069911     
   3594.7672895518281     
   3597.9088822965055     
   3601.0504750410241     
   3604.1920677853841     
   3607.3336605295863     
   3610.4752532736306     
   3613.6168460175177     
   3616.7584387612478     
   3619.9000315048215     
   3623.0416242482393     
   3626.1832169915015     
   3629.3248097346082     
   3632.4664024775602     
   3635.6079952203577     
   3638.7495879630010     
   3641.8911807054910     
   3645.0327734478274     
   3648.1743661900114     
   3651.3159589320426     
   3654.4575516739219     
   3657.5991444156493     
   3660.7407371572258     
   3663.8823298986513     
   3667.0239226399262     
   3670.1655153810507     
   3673.3071081220260     
   3676.4487008628516     
   3679.5902936035282     
   3682.7318863440564     
   3685.8734790844364     
   3689.0150718246687     
   3692.1566645647536     
   3695.2982573046911     
   3698.4398500444818     
   3701.5814427841265     
   3704.7230355236252     
   3707.8646282629784     
   3711.0062210021861     
   3714.1478137412491     
   3717.2894064801681     
   3720.4309992189424     
   3723.5725919575730     
   3726.7141846960603     
   3729.8557774344049     
   3732.9973701726062     
   3736.1389629106657     
   3739.2805556485832     
   3742.4221483863589     
   3745.5637411239936     
   3748.7053338614874     
   3751.8469265988410     
   3754.9885193360537     
   3758.1301120731273     
   3761.2717048100612     
   3764.4132975468556     
   3767.5548902835117     
   3770.6964830200295     
   3773.8380757564087     
   3776.9796684926505     
   3780.1212612287550     
   3783.2628539647221     
   3786.4044467005529     
   3789.5460394362472     
   3792.6876321718055     
   3795.8292249072279     
   3798.9708176425152     
   3802.1124103776674     
   3805.2540031126850     
   3808.3955958475685     
   3811.5371885823174     
   3814.6787813169331     
   3817.8203740514155     
   3820.9619667857646     
   3824.1035595199810     
   3827.2451522540650     
   3830.3867449880172     
   3833.5283377218375     
   3836.6699304555264     
   3839.8115231890843     
   3842.9531159225112     
   3846.0947086558081     
   3849.2363013889749     
   3852.3778941220116     
   3855.5194868549188     
   3858.6610795876973     
   3861.8026723203466     
   3864.9442650528672     
   3868.0858577852600     
   3871.2274505175246     
   3874.3690432496619     
   3877.5106359816714     
   3880.6522287135545     
   3883.7938214453106     
   3886.9354141769404     
   3890.0770069084442     
   3893.2185996398225     
   3896.3601923710748     
   3899.5017851022026     
   3902.6433778332052     
   3905.7849705640833     
   3908.9265632948373     
   3912.0681560254670     
   3915.2097487559736     
   3918.3513414863564     
   3921.4929342166165     
   3924.6345269467533     
   3927.7761196767683     
   3930.9177124066609     
   3934.0593051364317     
   3937.2008978660806     
   3940.3424905956085     
   3943.4840833250155     
   3946.6256760543015     
   3949.7672687834674     
   3952.9088615125129     
   3956.0504542414387     
   3959.1920469702450     
   3962.3336396989321     
   3965.4752324275000     
   3968.6168251559493     
   3971.7584178842799     
   3974.9000106124927     
   3978.0416033405877     
   3981.1831960685649     
   3984.3247887964249     
   3987.4663815241674     
   3990.6079742517936     
   3993.7495669793034     
   3996.8911597066967     
   4000.0327524339746     
   4003.1743451611364     
   4006.3159378881828     
   4009.4575306151141     
   4012.5991233419309     
   4015.7407160686325     
   4018.8823087952205     
   4022.0239015216939     
   4025.1654942480536     
   4028.3070869743001     
   4031.4486797004333     
   4034.5902724264533     
   4037.7318651523610     
   4040.8734578781559     
   4044.0150506038385     
   4047.1566433294097     
   4050.2982360548685     
   4053.4398287802164     
   4056.5814215054534     
   4059.7230142305789     
   4062.8646069555939     
   4066.0061996804989     
   4069.1477924052933     
   4072.2893851299782     
   4075.4309778545535     
   4078.5725705790192     
   4081.7141633033762     
   4084.8557560276240     
   4087.9973487517632     
   4091.1389414757941     
   4094.2805341997168     
   4097.4221269235322     
   4100.5637196472389     
   4103.7053123708392     
   4106.8469050943322     
   4109.9884978177179     
   4113.1300905409971     
   4116.2716832641709     
   4119.4132759872373     
   4122.5548687101982     
   4125.6964614330536     
   4128.8380541558035     
   4131.9796468784489     
   4135.1212396009887     
   4138.2628323234239     
   4141.4044250457546     
   4144.5460177679806     
   4147.6876104901030     
   4150.8292032121226     
   4153.9707959340376     
   4157.1123886558498     
   4160.2539813775584     
   4163.3955740991651     
   4166.5371668206681     
   4169.6787595420692     
   4172.8203522633685     
   4175.9619449845659     
   4179.1035377056614     
   4182.2451304266560     
   4185.3867231475488     
   4188.5283158683415     
   4191.6699085890323     
   4194.8115013096231     
   4197.9530940301138     
   4201.0946867505045     
   4204.2362794707951     
   4207.3778721909857     
   4210.5194649110781     
   4213.6610576310704     
   4216.8026503509636     
   4219.9442430707586     
   4223.0858357904553     
   4226.2274285100530     
   4229.3690212295533     
   4232.5106139489553     
   4235.6522066682601     
   4238.7937993874666     
   4241.9353921065767     
   4245.0769848255895     
   4248.2185775445059     
   4251.3601702633259     
   4254.5017629820486     
   4257.6433557006758     
   4260.7849484192075     
   4263.9265411376427     
   4267.0681338559825     
   4270.2097265742277     
   4273.3513192923774     
   4276.4929120104325     
   4279.6345047283930     
   4282.7760974462590     
   4285.9176901640303     
   4289.0592828817080     
   4292.2008755992911     
   4295.3424683167814     
   4298.4840610341780     
   4301.6256537514819     
   4304.7672464686921     
   4307.9088391858104     
   4311.0504319028350     
   4314.1920246197678     
   4317.3336173366088     
   4320.4752100533578     
   4323.6168027700141     
   4326.7583954865795     
   4329.8999882030530     
   4333.0415809194355     
   4336.1831736357281     
   4339.3247663519287     
   4342.4663590680393     
   4345.6079517840590     
   4348.7495444999886     
   4351.8911372158282     
   4355.0327299315777     
   4358.1743226472381     
   4361.3159153628094     
   4364.4575080782906     
   4367.5991007936836     
   4370.7406935089875     
   4373.8822862242023     
   4377.0238789393288     
   4380.1654716543671     
   4383.3070643693172     
   4386.4486570841800     
   4389.5902497989546     
   4392.7318425136418     
   4395.8734352282418     
   4399.0150279427544     
   4402.1566206571797     
   4405.2982133715186     
   4408.4398060857711     
   4411.5813987999372     
   4414.7229915140169     
   4417.8645842280102     
   4421.0061769419190     
   4424.1477696557404     
   4427.2893623694772     
   4430.4309550831285     
   4433.5725477966953     
   4436.7141405101765     
   4439.8557332235732     
   4442.9973259368853     
   4446.1389186501128     
   4449.2805113632567     
   4452.4221040763159     
   4455.5636967892915     
   4458.7052895021834     
   4461.8468822149916     
   4464.9884749277162     
   4468.1300676403580     
   4471.2716603529170     
   4474.4132530653933     
   4477.5548457777868     
   4480.6964384900975     
   4483.8380312023264     
   4486.9796239144725     
   4490.1212166265377     
   4493.2628093385201     
   4496.4044020504216     
   4499.5459947622412     
   4502.6875874739799     
   4505.8291801856376     
   4508.9707728972144     
   4512.1123656087102     
   4515.2539583201251     
   4518.3955510314599     
   4521.5371437427148     
   4524.6787364538895     
   4527.8203291649834     
   4530.9619218759990     
   4534.1035145869337     
   4537.2451072977901     
   4540.3867000085665     
   4543.5282927192638     
   4546.6698854298829     
   4549.8114781404220     
   4552.9530708508837     
   4556.0946635612663     
   4559.2362562715707     
   4562.3778489817978     
   4565.5194416919458     
   4568.6610344020164     
   4571.8026271120098     
   4574.9442198219258     
   4578.0858125317636     
   4581.2274052415250     
   4584.3689979512092     
   4587.5105906608169     
   4590.6521833703473     
   4593.7937760798013     
   4596.9353687891798     
   4600.0769614984811     
   4603.2185542077068     
   4606.3601469168561     
   4609.5017396259309     
   4612.6433323349293     
   4615.7849250438521     
   4618.9265177526995     
   4622.0681104614723     
   4625.2097031701696     
   4628.3512958787924     
   4631.4928885873405     
   4634.6344812958141     
   4637.7760740042140     
   4640.9176667125384     
   4644.0592594207901     
   4647.2008521289672     
   4650.3424448370706     
   4653.4840375451004     
   4656.6256302530564     
   4659.7672229609398     
   4662.9088156687494     
   4666.0504083764863     
   4669.1920010841504     
   4672.3335937917418     
   4675.4751864992604     
   4678.6167792067063     
   4681.7583719140803     
   4684.8999646213824     
   4688.0415573286118     
   4691.1831500357703     
   4694.3247427428560     
   4697.4663354498716     
   4700.6079281568145     
   4703.7495208636865     
   4706.8911135704875     
   4710.0327062772176     
   4713.1742989838767     
   4716.3158916904649     
   4719.4574843969831     
   4722.5990771034303     
   4725.7406698098075     
   4728.8822625161147     
   4732.0238552223518     
   4735.1654479285189     
   4738.3070406346160     
   4741.4486333406439     
   4744.5902260466028     
   4747.7318187524916     
   4750.8734114583121     
   4754.0150041640627     
   4757.1565968697450     
   4760.2981895753583     
   4763.4397822809024     
   4766.5813749863792     
   4769.7229676917868     
   4772.8645603971263     
   4776.0061531023975     
   4779.1477458076015     
   4782.2893385127372     
   4785.4309312178057     
   4788.5725239228059     
   4791.7141166277388     
   4794.8557093326053     
   4797.9973020374036     
   4801.1388947421356     
   4804.2804874468002     
   4807.4220801513984     
   4810.5636728559293     
   4813.7052655603948     
   4816.8468582647929     
   4819.9884509691256     
   4823.1300436733918     
   4826.2716363775917     
   4829.4132290817261     
   4832.5548217857950     
   4835.6964144897984     
   4838.8380071937354     
   4841.9795998976078     
   4845.1211926014157     
   4848.2627853051572     
   4851.4043780088341     
   4854.5459707124464     
   4857.6875634159942     
   4860.8291561194774     
   4863.9707488228960     
   4867.1123415262500     
   4870.2539342295395     
   4873.3955269327662     
   4876.5371196359274     
   4879.6787123390259     
   4882.8203050420607     
   4885.9618977450309     
   4889.1034904479384     
   4892.2450831507822     
   4895.3866758535632     
   4898.5282685562815     
   4901.6698612589362     
   4904.8114539615281     
   4907.9530466640572     
   4911.0946393665236     
   4914.2362320689272     
   4917.3778247712689     
   4920.5194174735489     
   4923.6610101757660     
   4926.8026028779213     
   4929.9441955800148     
   4933.0857882820465     
   4936.2273809840162     
   4939.3689736859251     
   4942.5105663877721     
   4945.6521590895572     
   4948.7937517912815     
   4951.9353444929457     
   4955.0769371945480     
   4958.2185298960894     
   4961.3601225975699     
   4964.5017152989903     
   4967.6433080003499     
   4970.7849007016493     
   4973.9264934028888     
   4977.0680861040673     
   4980.2096788051867     
   4983.3512715062452     
   4986.4928642072446     
   4989.6344569081839     
   4992.7760496090641     
   4995.9176423098843     
   4999.0592350106454     
   5002.2008277113473     
   5005.3424204119901     
   5008.4840131125738     
   5011.6256058130984     
   5014.7671985135648     
   5017.9087912139721     
   5021.0503839143203     
   5024.1919766146102     
   5027.3335693148420     
   5030.4751620150155     
   5033.6167547151308     
   5036.7583474151888     
   5039.8999401151877     
   5043.0415328151294     
   5046.1831255150137     
   5049.3247182148398     
   5052.4663109146086     
   5055.6079036143201     
   5058.7494963139743     
   5061.8910890135712     
   5065.0326817131108     
   5068.1742744125941     
   5071.3158671120200     
   5074.4574598113886     
   5077.5990525107018     
   5080.7406452099576     
   5083.8822379091571     
   5087.0238306083011     
   5090.1654233073878     
   5093.3070160064190     
   5096.4486087053938     
   5099.5902014043122     
   5102.7317941031761     
   5105.8733868019835     
   5109.0149795007355     
   5112.1565721994311     
   5115.2981648980722     
   5118.4397575966577     
   5121.5813502951887     
   5124.7229429936642     
   5127.8645356920842     
   5131.0061283904497     
   5134.1477210887606     
   5137.2893137870160     
   5140.4309064852177     
   5143.5724991833649     
   5146.7140918814575     
   5149.8556845794956     
   5152.9972772774790     
   5156.1388699754089     
   5159.2804626732850     
   5162.4220553711066     
   5165.5636480688754     
   5168.7052407665897     
   5171.8468334642503     
   5174.9884261618581     
   5178.1300188594123     
   5181.2716115569128     
   5184.4132042543597     
   5187.5547969517538     
   5190.6963896490952     
   5193.8379823463838     
   5196.9795750436197     
   5200.1211677408019     
   5203.2627604379322     
   5206.4043531350098     
   5209.5459458320347     
   5212.6875385290077     
   5215.8291312259280     
   5218.9707239227964     
   5222.1123166196130     
   5225.2539093163778     
   5228.3955020130898     
   5231.5370947097508     
   5234.6786874063591     
   5237.8202801029165     
   5240.9618727994221     
   5244.1034654958767     
   5247.2450581922803     
   5250.3866508886322     
   5253.5282435849322     
   5256.6698362811821     
   5259.8114289773812     
   5262.9530216735284     
   5266.0946143696256     
   5269.2362070656718     
   5272.3777997616680     
   5275.5193924576133     
   5278.6609851535077     
   5281.8025778493520     
   5284.9441705451463     
   5288.0857632408906     
   5291.2273559365849     
   5294.3689486322291     
   5297.5105413278234     
   5300.6521340233676     
   5303.7937267188627     
   5306.9353194143077     
   5310.0769121097028     
   5313.2185048050496     
   5316.3600975003465     
   5319.5016901955933     
   5322.6432828907919     
   5325.7848755859413     
   5328.9264682810417     
   5332.0680609760930     
   5335.2096536710951     
   5338.3512463660491     
   5341.4928390609539     
   5344.6344317558105     
   5347.7760244506189     
   5350.9176171453782     
   5354.0592098400903     
   5357.2008025347532     
   5360.3423952293679     
   5363.4839879239353     
   5366.6255806184536     
   5369.7671733129255     
   5372.9087660073483     
   5376.0503587017238     
   5379.1919513960520     
   5382.3335440903320     
   5385.4751367845647     
   5388.6167294787501     
   5391.7583221728883     
   5394.8999148669791     
   5398.0415075610235     
   5401.1831002550198     
   5404.3246929489696     
   5407.4662856428731     
   5410.6078783367284     
   5413.7494710305382     
   5416.8910637243007     
   5420.0326564180168     
   5423.1742491116865     
   5426.3158418053099     
   5429.4574344988869     
   5432.5990271924175     
   5435.7406198859017     
   5438.8822125793395     
   5442.0238052727318     
   5445.1653979660787     
   5448.3069906593792     
   5451.4485833526342     
   5454.5901760458428     
   5457.7317687390068     
   5460.8733614321245     
   5464.0149541251976     
   5467.1565468182243     
   5470.2981395112065     
   5473.4397322041432     
   5476.5813248970344     
   5479.7229175898810     
   5482.8645102826822     
   5486.0061029754388     
   5489.1476956681499     
   5492.2892883608174     
   5495.4308810534394     
   5498.5724737460168     
   5501.7140664385506     
   5504.8556591310389     
   5507.9972518234836     
   5511.1388445158836     
   5514.2804372082392     
   5517.4220299005510     
   5520.5636225928183     
   5523.7052152850420     
   5526.8468079772219     
   5529.9884006693574     
   5533.1299933614491     
   5536.2715860534981     
   5539.4131787455026     
   5542.5547714374634     
   5545.6963641293814     
   5548.8379568212558     
   5551.9795495130866     
   5555.1211422048746     
   5558.2627348966189     
   5561.4043275883205     
   5564.5459202799784     
   5567.6875129715945     
   5570.8291056631670     
   5573.9706983546967     
   5577.1122910461836     
   5580.2538837376278     
   5583.3954764290293     
   5586.5370691203889     
   5589.6786618117058     
   5592.8202545029799     
   5595.9618471942122     
   5599.1034398854017     
   5602.2450325765494     
   5605.3866252676544     
   5608.5282179587184     
   5611.6698106497397     
   5614.8114033407192     
   5617.9529960316568     
   5621.0945887225535     
   5624.2361814134074     
   5627.3777741042204     
   5630.5193667949916     
   5633.6609594857218     
   5636.8025521764102     
   5639.9441448670568     
   5643.0857375576625     
   5646.2273302482272     
   5649.3689229387510     
   5652.5105156292339     
   5655.6521083196749     
   5658.7937010100750     
   5661.9352937004351     
   5665.0768863907542     
   5668.2184790810325     
   5671.3600717712698     
   5674.5016644614670     
   5677.6432571516234     
   5680.7848498417388     
   5683.9264425318152     
   5687.0680352218506     
   5690.2096279118450     
   5693.3512206018004     
   5696.4928132917148     
   5699.6344059815892     
   5702.7759986714245     
   5705.9175913612189     
   5709.0591840509742     
   5712.2007767406894     
   5715.3423694303647     
   5718.4839621200008     
   5721.6255548095969     
   5724.7671474991539     
   5727.9087401886709     
   5731.0503328781488     
   5734.1919255675875     
   5737.3335182569872     
   5740.4751109463468     
   5743.6167036356683     
   5746.7582963249506     
   5749.8998890141929     
   5753.0414817033970     
   5756.1830743925620     
   5759.3246670816889     
   5762.4662597707766     
   5765.6078524598252     
   5768.7494451488355     
   5771.8910378378068     
   5775.0326305267399     
   5778.1742232156348     
   5781.3158159044915     
   5784.4574085933091     
   5787.5990012820894     
   5790.7405939708315     
   5793.8821866595345     
   5797.0237793482002     
   5800.1653720368276     
   5803.3069647254169     
   5806.4485574139690     
   5809.5901501024828     
   5812.7317427909593     
   5815.8733354793976     
   5819.0149281677977     
   5822.1565208561615     
   5825.2981135444870     
   5828.4397062327753     
   5831.5812989210262     
   5834.7228916092399     
   5837.8644842974163     
   5841.0060769855554     
   5844.1476696736572     
   5847.2892623617217     
   5850.4308550497499     
   5853.5724477377407     
   5856.7140404256952     
   5859.8556331136124     
   5862.9972258014923     
   5866.1388184893358     
   5869.2804111771429     
   5872.4220038649137     
   5875.5635965526471     
   5878.7051892403442     
   5881.8467819280049     
   5884.9883746156293     
   5888.1299673032181     
   5891.2715599907697     
   5894.4131526782858     
   5897.5547453657655     
   5900.6963380532088     
   5903.8379307406158     
   5906.9795234279873     
   5910.1211161153233     
   5913.2627088026229     
   5916.4043014898862     
   5919.5458941771149     
   5922.6874868643072     
   5925.8290795514640     
   5928.9706722385854     
   5932.1122649256713     
   5935.2538576127217     
   5938.3954502997367     
   5941.5370429867162     
   5944.6786356736602     
   5947.8202283605688     
   5950.9618210474428     
   5954.1034137342813     
   5957.2450064210852     
   5960.3865991078537     
   5963.5281917945877     
   5966.6697844812861     
   5969.8113771679500     
   5972.9529698545794     
   5976.0945625411741     
   5979.2361552277334     
   5982.3777479142591     
   5985.5193406007493     
   5988.6609332872049     
   5991.8025259736269     
   5994.9441186600143     
   5998.0857113463662     
   6001.2273040326854     
   6004.3688967189692     
   6007.5104894052192     
   6010.6520820914357     
   6013.7936747776166     
   6016.9352674637648     
   6020.0768601498785     
   6023.2184528359585     
   6026.3600455220039     
   6029.5016382080166     
   6032.6432308939948     
   6035.7848235799393     
   6038.9264162658510     
   6042.0680089517282     
   6045.2096016375717     
   6048.3511943233825     
   6051.4927870091587     
   6054.6343796949022     
   6057.7759723806130     
   6060.9175650662892     
   6064.0591577519326     
   6067.2007504375433     
   6070.3423431231204     
   6073.4839358086647     
   6076.6255284941763     
   6079.7671211796542     
   6082.9087138650993     
   6086.0503065505118     
   6089.1918992358906     
   6092.3334919212375     
   6095.4750846065517     
   6098.6166772918332     
   6101.7582699770810     
   6104.8998626622979     
   6108.0414553474811     
   6111.1830480326316     
   6114.3246407177503     
   6117.4662334028371     
   6120.6078260878903     
   6123.7494187729126     
   6126.8910114579012     
   6130.0326041428589     
   6133.1741968277838     
   6136.3157895126769     
   6139.4573821975373     
   6142.5989748823667     
   6145.7405675671635     
   6148.8821602519283     
   6152.0237529366623     
   6155.1653456213635     
   6158.3069383060329     
   6161.4485309906713     
   6164.5901236752779     
   6167.7317163598527     
   6170.8733090443957     
   6174.0149017289077     
   6177.1564944133879     
   6180.2980870978363     
   6183.4396797822537     
   6186.5812724666403     
   6189.7228651509949     
   6192.8644578353187     
   6196.0060505196116     
   6199.1476432038726     
   6202.2892358881036     
   6205.4308285723027     
   6208.5724212564710     
   6211.7140139406083     
   6214.8556066247147     
   6217.9971993087911     
   6221.1387919928356     
   6224.2803846768502     
   6227.4219773608338     
   6230.5635700447865     
   6233.7051627287083     
   6236.8467554126000     
   6239.9883480964618     
   6243.1299407802917     
   6246.2715334640925     
   6249.4131261478624     
   6252.5547188316023     
   6255.6963115153112     
   6258.8379041989901     
   6261.9794968826391     
   6265.1210895662580     
   6268.2626822498469     
   6271.4042749334048     
   6274.5458676169337     
   6277.6874603004326     
   6280.8290529839014     
   6283.9706456673402     
   6287.1122383507491     
        1001
   3.8317059702075125     
   7.0155866698156188     
   10.173468135062722     
   13.323691936314223     
   16.470630050877634     
   19.615858510468243     
   22.760084380592772     
   25.903672087618382     
   29.046828534916855     
   32.189679910974405     
   35.332307550083868     
   38.474766234771614     
   41.617094212814450     
   44.759318997652819     
   47.901460887185451     
   51.043535183571507     
   54.185553641061318     
   57.327525437901009     
   60.469457845347492     
   63.611356698481231     
   66.753226734098490     
   69.895071837495777     
   73.036895225573829     
   76.178699584641464     
   79.320487175476302     
   82.462259914373561     
   85.604019436350228     
   88.745767144926305     
   91.887504251694992     
   95.029231808044699     
   98.170950730790778     
   101.31266182303872     
   104.45436579128275     
   107.59606325950917     
   110.73775478089921     
   113.87944084759499     
   117.02112189889243     
   120.16279832814901     
   123.30447048863572     
   126.44613869851659     
   129.58780324510400     
   132.72946438850963     
   135.87112236478899     
   139.01277738865971     
   142.15442965585902     
   145.29607934519592     
   148.43772662034223     
   151.57937163140141     
   154.72101451628595     
   157.86265540193031     
   161.00429440536200     
   164.14593163464963     
   167.28756718974410     
   170.42920116322662     
   173.57083364097593     
   176.71246470276375     
   179.85409442278839     
   182.99572287015297     
   186.13735010929551     
   189.27897620037601     
   192.42060119962571     
   195.56222515966257     
   198.70384812977704     
   201.84547015619088     
   204.98709128229234     
   208.12871154885005     
   211.27033099420777     
   214.41194965446198     
   217.55356756362420     
   220.69518475376935     
   223.83680125517174     
   226.97841709642947     
   230.12003230457910     
   233.26164690520062     
   236.40326092251431     
   239.54487437946986     
   242.68648729782871     
   245.82809969823981     
   248.96971160030995     
   252.11132302266859     
   255.25293398302813     
   258.39454449823950     
   261.53615458434405     
   264.67776425662151     
   267.81937352963456     
   270.96098241727071     
   274.10259093278069     
   277.24419908881458     
   280.38580689745561     
   283.52741437025139     
   286.66902151824343     
   289.81062835199441     
   292.95223488161389     
   296.09384111678247     
   299.23544706677416     
   302.37705274047750     
   305.51865814641559     
   308.66026329276440     
   311.80186818737047     
   314.94347283776716     
   318.08507725119034     
   321.22668143459276     
   324.36828539465785     
   327.50988913781248     
   330.65149267023941     
   333.79309599788854     
   336.93469912648800     
   340.07630206155409     
   343.21790480840122     
   346.35950737215103     
   349.50110975774089     
   352.64271196993241     
   355.78431401331881     
   358.92591589233268     
   362.06751761125264     
   365.20911917421012     
   368.35072058519569     
   371.49232184806482     
   374.63392296654371     
   377.77552394423464     
   380.91712478462091     
   384.05872549107210     
   387.20032606684822     
   390.34192651510438     
   393.48352683889493     
   396.62512704117756     
   399.76672712481678     
   402.90832709258797     
   406.04992694718038     
   409.19152669120098     
   412.33312632717701     
   415.47472585755941     
   418.61632528472552     
   421.75792461098183     
   424.89952383856667     
   428.04112296965263     
   431.18272200634891     
   434.32432095070374     
   437.46591980470663     
   440.60751857029015     
   443.74911724933219     
   446.89071584365797     
   450.03231435504165     
   453.17391278520813     
   456.31551113583492     
   459.45710940855355     
   462.59870760495130     
   465.74030572657267     
   468.88190377492060     
   472.02350175145818     
   475.16509965760974     
   478.30669749476220     
   481.44829526426628     
   484.58989296743761     
   487.73149060555801     
   490.87308817987650     
   494.01468569161023     
   497.15628314194566     
   500.29788053203947     
   503.43947786301936     
   506.58107513598520     
   509.72267235200957     
   512.86426951213889     
   516.00586661739419     
   519.14746366877148     
   522.28906066724312     
   525.43065761375806     
   528.57225450924284     
   531.71385135460173     
   534.85544815071819     
   537.99704489845476     
   541.13864159865409     
   544.28023825213938     
   547.42183485971486     
   550.56343142216645     
   553.70502794026208     
   556.84662441475268     
   559.98822084637209     
   563.12981723583766     
   566.27141358385120     
   569.41300989109868     
   572.55460615825109     
   575.69620238596508     
   578.83779857488253     
   581.97939472563178     
   585.12099083882765     
   588.26258691507189     
   591.40418295495328     
   594.54577895904822     
   597.68737492792104     
   600.82897086212427     
   603.97056676219893     
   607.11216262867470     
   610.25375846207066     
   613.39535426289501     
   616.53695003164557     
   619.67854576881030     
   622.82014147486711     
   625.96173715028431     
   629.10333279552106     
   632.24492841102710     
   635.38652399724356     
   638.52811955460265     
   641.66971508352822     
   644.81131058443600     
   647.95290605773346     
   651.09450150382008     
   654.23609692308821     
   657.37769231592199     
   660.51928768269886     
   663.66088302378876     
   666.80247833955480     
   669.94407363035305     
   673.08566889653343     
   676.22726413843873     
   679.36885935640589     
   682.51045455076553     
   685.65204972184199     
   688.79364486995394     
   691.93523999541424     
   695.07683509852984     
   698.21843017960259     
   701.36002523892853     
   704.50162027679858     
   707.64321529349866     
   710.78481028930923     
   713.92640526450634     
   717.06800021936078     
   720.20959515413870     
   723.35119006910179     
   726.49278496450700     
   729.63437984060704     
   732.77597469765021     
   735.91756953588060     
   739.05916435553797     
   742.20075915685834     
   745.34235394007351     
   748.48394870541142     
   751.62554345309627     
   754.76713818334861     
   757.90873289638500     
   761.05032759241874     
   764.19192227165945     
   767.33351693431359     
   770.47511158058387     
   773.61670621066992     
   776.75830082476818     
   779.89989542307183     
   783.04149000577092     
   786.18308457305261     
   789.32467912510083     
   792.46627366209691     
   795.60786818421911     
   798.74946269164298     
   801.89105718454118     
   805.03265166308381     
   808.17424612743832     
   811.31584057776934     
   814.45743501423942     
   817.59902943700820     
   820.74062384623301     
   823.88221824206880     
   827.02381262466815     
   830.16540699418147     
   833.30700135075642     
   836.44859569453911     
   839.59019002567300     
   842.73178434429963     
   845.87337865055827     
   849.01497294458625     
   852.15656722651886     
   855.29816149648923     
   858.43975575462900     
   861.58135000106722     
   864.72294423593178     
   867.86453845934807     
   871.00613267144024     
   874.14772687233017     
   877.28932106213824     
   880.43091524098315     
   883.57250940898177     
   886.71410356624938     
   889.85569771289977     
   892.99729184904481     
   896.13888597479513     
   899.28048009025963     
   902.42207419554575     
   905.56366829075932     
   908.70526237600484     
   911.84685645138552     
   914.98845051700266     
   918.13004457295676     
   921.27163861934662     
   924.41323265626954     
   927.55482668382206     
   930.69642070209875     
   933.83801471119341     
   936.97960871119835     
   940.12120270220464     
   943.26279668430232     
   946.40439065758005     
   949.54598462212527     
   952.68757857802450     
   955.82917252536299     
   958.97076646422477     
   962.11236039469293     
   965.25395431684944     
   968.39554823077526     
   971.53714213655007     
   974.67873603425278     
   977.82032992396125     
   980.96192380575224     
   984.10351767970144     
   987.24511154588401     
   990.38670540437352     
   993.52829925524327     
   996.66989309856501     
   999.81148693441014     
   1002.9530807628488     
   1006.0946745839503     
   1009.2362683977833     
   1012.3778622044155     
   1015.5194560039135     
   1018.6610497963436     
   1021.8026435817708     
   1024.9442373602594     
   1028.0858311318732     
   1031.2274248966751     
   1034.3690186547269     
   1037.5106124060901     
   1040.6522061508254     
   1043.7937998889922     
   1046.9353936206501     
   1050.0769873458571     
   1053.2185810646715     
   1056.3601747771497     
   1059.5017684833485     
   1062.6433621833235     
   1065.7849558771295     
   1068.9265495648212     
   1072.0681432464523     
   1075.2097369220758     
   1078.3513305917440     
   1081.4929242555095     
   1084.6345179134230     
   1087.7761115655351     
   1090.9177052118964     
   1094.0592988525561     
   1097.2008924875636     
   1100.3424861169667     
   1103.4840797408135     
   1106.6256733591517     
   1109.7672669720275     
   1112.9088605794875     
   1116.0504541815774     
   1119.1920477783424     
   1122.3336413698273     
   1125.4752349560761     
   1128.6168285371327     
   1131.7584221130401     
   1134.9000156838415     
   1138.0416092495789     
   1141.1832028102940     
   1144.3247963660283     
   1147.4663899168229     
   1150.6079834627180     
   1153.7495770037535     
   1156.8911705399696     
   1160.0327640714049     
   1163.1743575980981     
   1166.3159511200879     
   1169.4575446374120     
   1172.5991381501080     
   1175.7407316582128     
   1178.8823251617632     
   1182.0239186607957     
   1185.1655121553458     
   1188.3071056454496     
   1191.4486991311419     
   1194.5902926124575     
   1197.7318860894309     
   1200.8734795620965     
   1204.0150730304874     
   1207.1566664946374     
   1210.2982599545796     
   1213.4398534103464     
   1216.5814468619701     
   1219.7230403094832     
   1222.8646337529167     
   1226.0062271923025     
   1229.1478206276715     
   1232.2894140590543     
   1235.4310074864813     
   1238.5726009099828     
   1241.7141943295885     
   1244.8557877453277     
   1247.9973811572299     
   1251.1389745653239     
   1254.2805679696382     
   1257.4221613702014     
   1260.5637547670412     
   1263.7053481601856     
   1266.8469415496622     
   1269.9885349354979     
   1273.1301283177197     
   1276.2717216963545     
   1279.4133150714285     
   1282.5549084429681     
   1285.6965018109991     
   1288.8380951755471     
   1291.9796885366375     
   1295.1212818942956     
   1298.2628752485462     
   1301.4044685994140     
   1304.5460619469234     
   1307.6876552910987     
   1310.8292486319638     
   1313.9708419695426     
   1317.1124353038583     
   1320.2540286349345     
   1323.3956219627939     
   1326.5372152874600     
   1329.6788086089548     
   1332.8204019273010     
   1335.9619952425207     
   1339.1035885546362     
   1342.2451818636689     
   1345.3867751696405     
   1348.5283684725725     
   1351.6699617724862     
   1354.8115550694024     
   1357.9531483633418     
   1361.0947416543254     
   1364.2363349423733     
   1367.3779282275059     
   1370.5195215097431     
   1373.6611147891049     
   1376.8027080656109     
   1379.9443013392804     
   1383.0858946101332     
   1386.2274878781882     
   1389.3690811434644     
   1392.5106744059806     
   1395.6522676657553     
   1398.7938609228072     
   1401.9354541771545     
   1405.0770474288151     
   1408.2186406778076     
   1411.3602339241493     
   1414.5018271678580     
   1417.6434204089512     
   1420.7850136474465     
   1423.9266068833606     
   1427.0682001167108     
   1430.2097933475141     
   1433.3513865757870     
   1436.4929798015464     
   1439.6345730248088     
   1442.7761662455900     
   1445.9177594639066     
   1449.0593526797745     
   1452.2009458932096     
   1455.3425391042276     
   1458.4841323128444     
   1461.6257255190751     
   1464.7673187229352     
   1467.9089119244402     
   1471.0505051236046     
   1474.1920983204438     
   1477.3336915149725     
   1480.4752847072057     
   1483.6168778971576     
   1486.7584710848425     
   1489.9000642702754     
   1493.0416574534700     
   1496.1832506344404     
   1499.3248438132007     
   1502.4664369897650     
   1505.6080301641468     
   1508.7496233363597     
   1511.8912165064173     
   1515.0328096743328     
   1518.1744028401199     
   1521.3159960037917     
   1524.4575891653610     
   1527.5991823248407     
   1530.7407754822443     
   1533.8823686375838     
   1537.0239617908724     
   1540.1655549421225     
   1543.3071480913463     
   1546.4487412385565     
   1549.5903343837651     
   1552.7319275269845     
   1555.8735206682265     
   1559.0151138075032     
   1562.1567069448263     
   1565.2983000802078     
   1568.4398932136592     
   1571.5814863451919     
   1574.7230794748180     
   1577.8646726025481     
   1581.0062657283941     
   1584.1478588523669     
   1587.2894519744777     
   1590.4310450947378     
   1593.5726382131577     
   1596.7142313297484     
   1599.8558244445210     
   1602.9974175574857     
   1606.1390106686533     
   1609.2806037780344     
   1612.4221968856396     
   1615.5637899914789     
   1618.7053830955626     
   1621.8469761979013     
   1624.9885692985047     
   1628.1301623973832     
   1631.2717554945464     
   1634.4133485900043     
   1637.5549416837669     
   1640.6965347758439     
   1643.8381278662448     
   1646.9797209549793     
   1650.1213140420568     
   1653.2629071274869     
   1656.4045002112789     
   1659.5460932934423     
   1662.6876863739860     
   1665.8292794529193     
   1668.9708725302512     
   1672.1124656059910     
   1675.2540586801474     
   1678.3956517527295     
   1681.5372448237458     
   1684.6788378932056     
   1687.8204309611169     
   1690.9620240274890     
   1694.1036170923298     
   1697.2452101556485     
   1700.3868032174530     
   1703.5283962777519     
   1706.6699893365535     
   1709.8115823938660     
   1712.9531754496977     
   1716.0947685040564     
   1719.2363615569507     
   1722.3779546083883     
   1725.5195476583772     
   1728.6611407069254     
   1731.8027337540404     
   1734.9443267997306     
   1738.0859198440030     
   1741.2275128868657     
   1744.3691059283265     
   1747.5106989683923     
   1750.6522920070713     
   1753.7938850443707     
   1756.9354780802976     
   1760.0770711148598     
   1763.2186641480644     
   1766.3602571799188     
   1769.5018502104299     
   1772.6434432396049     
   1775.7850362674512     
   1778.9266292939756     
   1782.0682223191848     
   1785.2098153430863     
   1788.3514083656869     
   1791.4930013869930     
   1794.6345944070119     
   1797.7761874257501     
   1800.9177804432143     
   1804.0593734594111     
   1807.2009664743473     
   1810.3425594880293     
   1813.4841525004638     
   1816.6257455116572     
   1819.7673385216158     
   1822.9089315303461     
   1826.0505245378542     
   1829.1921175441469     
   1832.3337105492301     
   1835.4753035531101     
   1838.6168965557929     
   1841.7584895572847     
   1844.9000825575918     
   1848.0416755567201     
   1851.1832685546756     
   1854.3248615514642     
   1857.4664545470919     
   1860.6080475415645     
   1863.7496405348879     
   1866.8912335270679     
   1870.0328265181104     
   1873.1744195080207     
   1876.3160124968051     
   1879.4576054844688     
   1882.5991984710174     
   1885.7407914564567     
   1888.8823844407921     
   1892.0239774240292     
   1895.1655704061734     
   1898.3071633872300     
   1901.4487563672046     
   1904.5903493461024     
   1907.7319423239289     
   1910.8735353006891     
   1914.0151282763886     
   1917.1567212510324     
   1920.2983142246258     
   1923.4399071971736     
   1926.5815001686813     
   1929.7230931391539     
   1932.8646861085965     
   1936.0062790770139     
   1939.1478720444111     
   1942.2894650107933     
   1945.4310579761652     
   1948.5726509405317     
   1951.7142439038978     
   1954.8558368662684     
   1957.9974298276479     
   1961.1390227880413     
   1964.2806157474533     
   1967.4222087058888     
   1970.5638016633523     
   1973.7053946198482     
   1976.8469875753815     
   1979.9885805299566     
   1983.1301734835781     
   1986.2717664362506     
   1989.4133593879783     
   1992.5549523387660     
   1995.6965452886179     
   1998.8381382375387     
   2001.9797311855325     
   2005.1213241326038     
   2008.2629170787568     
   2011.4045100239960     
   2014.5461029683256     
   2017.6876959117496     
   2020.8292888542726     
   2023.9708817958988     
   2027.1124747366321     
   2030.2540676764766     
   2033.3956606154368     
   2036.5372535535164     
   2039.6788464907197     
   2042.8204394270506     
   2045.9620323625134     
   2049.1036252971116     
   2052.2452182308498     
   2055.3868111637312     
   2058.5284040957604     
   2061.6699970269410     
   2064.8115899572767     
   2067.9531828867716     
   2071.0947758154298     
   2074.2363687432544     
   2077.3779616702500     
   2080.5195545964193     
   2083.6611475217674     
   2086.8027404462964     
   2089.9443333700115     
   2093.0859262929157     
   2096.2275192150123     
   2099.3691121363054     
   2102.5107050567985     
   2105.6522979764954     
   2108.7938908953993     
   2111.9354838135137     
   2115.0770767308422     
   2118.2186696473887     
   2121.3602625631561     
   2124.5018554781486     
   2127.6434483923686     
   2130.7850413058204     
   2133.9266342185069     
   2137.0682271304318     
   2140.2098200415981     
   2143.3514129520090     
   2146.4930058616687     
   2149.6345987705795     
   2152.7761916787454     
   2155.9177845861695     
   2159.0593774928548     
   2162.2009703988042     
   2165.3425633040220     
   2168.4841562085103     
   2171.6257491122728     
   2174.7673420153124     
   2177.9089349176325     
   2181.0505278192359     
   2184.1921207201258     
   2187.3337136203054     
   2190.4753065197779     
   2193.6168994185459     
   2196.7584923166123     
   2199.9000852139811     
   2203.0416781106542     
   2206.1832710066351     
   2209.3248639019266     
   2212.4664567965319     
   2215.6080496904538     
   2218.7496425836948     
   2221.8912354762583     
   2225.0328283681470     
   2228.1744212593635     
   2231.3160141499106     
   2234.4576070397920     
   2237.5991999290095     
   2240.7407928175667     
   2243.8823857054658     
   2247.0239785927092     
   2250.1655714793010     
   2253.3071643652424     
   2256.4487572505373     
   2259.5903501351877     
   2262.7319430191965     
   2265.8735359025659     
   2269.0151287852996     
   2272.1567216673993     
   2275.2983145488683     
   2278.4399074297089     
   2281.5815003099233     
   2284.7230931895147     
   2287.8646860684858     
   2291.0062789468384     
   2294.1478718245753     
   2297.2894647016992     
   2300.4310575782124     
   2303.5726504541180     
   2306.7142433294180     
   2309.8558362041144     
   2312.9974290782106     
   2316.1390219517084     
   2319.2806148246109     
   2322.4222076969195     
   2325.5638005686374     
   2328.7053934397668     
   2331.8469863103101     
   2334.9885791802694     
   2338.1301720496476     
   2341.2717649184465     
   2344.4133577866683     
   2347.5549506543161     
   2350.6965435213915     
   2353.8381363878971     
   2356.9797292538351     
   2360.1213221192079     
   2363.2629149840172     
   2366.4045078482663     
   2369.5461007119566     
   2372.6876935750902     
   2375.8292864376699     
   2378.9708792996976     
   2382.1124721611754     
   2385.2540650221058     
   2388.3956578824905     
   2391.5372507423322     
   2394.6788436016327     
   2397.8204364603939     
   2400.9620293186185     
   2404.1036221763079     
   2407.2452150334648     
   2410.3868078900909     
   2413.5284007461887     
   2416.6699936017599     
   2419.8115864568067     
   2422.9531793113310     
   2426.0947721653347     
   2429.2363650188204     
   2432.3779578717895     
   2435.5195507242443     
   2438.6611435761865     
   2441.8027364276186     
   2444.9443292785422     
   2448.0859221289597     
   2451.2275149788720     
   2454.3691078282823     
   2457.5107006771914     
   2460.6522935256021     
   2463.7938863735158     
   2466.9354792209347     
   2470.0770720678606     
   2473.2186649142955     
   2476.3602577602405     
   2479.5018506056986     
   2482.6434434506709     
   2485.7850362951594     
   2488.9266291391659     
   2492.0682219826926     
   2495.2098148257410     
   2498.3514076683127     
   2501.4930005104097     
   2504.6345933520342     
   2507.7761861931872     
   2510.9177790338708     
   2514.0593718740874     
   2517.2009647138375     
   2520.3425575531237     
   2523.4841503919479     
   2526.6257432303109     
   2529.7673360682152     
   2532.9089289056624     
   2536.0505217426539     
   2539.1921145791916     
   2542.3337074152773     
   2545.4753002509124     
   2548.6168930860990     
   2551.7584859208382     
   2554.9000787551317     
   2558.0416715889819     
   2561.1832644223891     
   2564.3248572553566     
   2567.4664500878844     
   2570.6080429199751     
   2573.7496357516302     
   2576.8912285828510     
   2580.0328214136389     
   2583.1744142439961     
   2586.3160070739241     
   2589.4575999034237     
   2592.5991927324972     
   2595.7407855611459     
   2598.8823783893718     
   2602.0239712171756     
   2605.1655640445592     
   2608.3071568715241     
   2611.4487496980719     
   2614.5903425242041     
   2617.7319353499224     
   2620.8735281752279     
   2624.0151210001222     
   2627.1567138246064     
   2630.2983066486831     
   2633.4398994723524     
   2636.5814922956170     
   2639.7230851184772     
   2642.8646779409351     
   2646.0062707629922     
   2649.1478635846493     
   2652.2894564059088     
   2655.4310492267714     
   2658.5726420472383     
   2661.7142348673119     
   2664.8558276869926     
   2667.9974205062822     
   2671.1390133251816     
   2674.2806061436931     
   2677.4221989618177     
   2680.5637917795566     
   2683.7053845969108     
   2686.8469774138821     
   2689.9885702304723     
   2693.1301630466814     
   2696.2717558625122     
   2699.4133486779651     
   2702.5549414930420     
   2705.6965343077436     
   2708.8381271220715     
   2711.9797199360269     
   2715.1213127496112     
   2718.2629055628258     
   2721.4044983756721     
   2724.5460911881510     
   2727.6876840002637     
   2730.8292768120118     
   2733.9708696233961     
   2737.1124624344188     
   2740.2540552450801     
   2743.3956480553816     
   2746.5372408653247     
   2749.6788336749105     
   2752.8204264841402     
   2755.9620192930151     
   2759.1036121015368     
   2762.2452049097055     
   2765.3867977175232     
   2768.5283905249912     
   2771.6699833321100     
   2774.8115761388813     
   2777.9531689453056     
   2781.0947617513852     
   2784.2363545571206     
   2787.3779473625127     
   2790.5195401675637     
   2793.6611329722732     
   2796.8027257766439     
   2799.9443185806758     
   2803.0859113843708     
   2806.2275041877297     
   2809.3690969907534     
   2812.5106897934434     
   2815.6522825958004     
   2818.7938753978260     
   2821.9354681995210     
   2825.0770610008867     
   2828.2186538019241     
   2831.3602466026346     
   2834.5018394030185     
   2837.6434322030777     
   2840.7850250028127     
   2843.9266178022249     
   2847.0682106013155     
   2850.2098034000851     
   2853.3513961985350     
   2856.4929889966666     
   2859.6345817944803     
   2862.7761745919775     
   2865.9177673891591     
   2869.0593601860264     
   2872.2009529825800     
   2875.3425457788217     
   2878.4841385747513     
   2881.6257313703713     
   2884.7673241656817     
   2887.9089169606837     
   2891.0505097553782     
   2894.1921025497663     
   2897.3336953438493     
   2900.4752881376280     
   2903.6168809311034     
   2906.7584737242760     
   2909.9000665171475     
   2913.0416593097189     
   2916.1832521019905     
   2919.3248448939635     
   2922.4664376856390     
   2925.6080304770180     
   2928.7496232681019     
   2931.8912160588907     
   2935.0328088493857     
   2938.1744016395878     
   2941.3159944294985     
   2944.4575872191181     
   2947.5991800084475     
   2950.7407727974883     
   2953.8823655862407     
   2957.0239583747061     
   2960.1655511628851     
   2963.3071439507785     
   2966.4487367383877     
   2969.5903295257135     
   2972.7319223127565     
   2975.8735150995176     
   2979.0151078859981     
   2982.1567006721980     
   2985.2982934581191     
   2988.4398862437624     
   2991.5814790291279     
   2994.7230718142173     
   2997.8646645990307     
   3001.0062573835694     
   3004.1478501678343     
   3007.2894429518260     
   3010.4310357355457     
   3013.5726285189944     
   3016.7142213021721     
   3019.8558140850805     
   3022.9974068677202     
   3026.1389996500916     
   3029.2805924321960     
   3032.4221852140345     
   3035.5637779956069     
   3038.7053707769151     
   3041.8469635579595     
   3044.9885563387406     
   3048.1301491192598     
   3051.2717418995176     
   3054.4133346795147     
   3057.5549274592522     
   3060.6965202387305     
   3063.8381130179509     
   3066.9797057969135     
   3070.1212985756201     
   3073.2628913540707     
   3076.4044841322661     
   3079.5460769102074     
   3082.6876696878953     
   3085.8292624653304     
   3088.9708552425136     
   3092.1124480194458     
   3095.2540407961274     
   3098.3956335725593     
   3101.5372263487425     
   3104.6788191246778     
   3107.8204119003653     
   3110.9620046758068     
   3114.1035974510019     
   3117.2451902259522     
   3120.3867830006579     
   3123.5283757751204     
   3126.6699685493395     
   3129.8115613233167     
   3132.9531540970524     
   3136.0947468705476     
   3139.2363396438027     
   3142.3779324168181     
   3145.5195251895952     

