        2001
   2.4048255576957729     
   5.5200781102863106     
   8.6537279129110125     
   11.791534439014281     
   14.930917708487787     
   18.071063967910924     
   21.211636629879258     
   24.352471530749302     
   27.493479132040253     
   30.634606468431976     
   33.775820213573567     
   36.917098353664045     
   40.058425764628240     
   43.199791713176730     
   46.341188371661815     
   49.482609897397815     
   52.624051841114998     
   55.765510755019982     
   58.906983926080940     
   62.048469190227166     
   65.189964800206866     
   68.331469329856802     
   71.472981603593738     
   74.614500643701831     
   77.756025630388052     
   80.897555871137627     
   84.039090776938195     
   87.180629843641157     
   90.322172637210485     
   93.463718781944777     
   96.605267950996264     
   99.746819858680595     
   102.88837425419480     
   106.02993091645162     
   109.17148964980538     
   112.31305028049491     
   115.45461265366694     
   118.59617663087253     
   121.73774208795096     
   124.87930891323295     
   128.02087700600833     
   131.16244627521391     
   134.30401663830546     
   137.44558802028428     
   140.58716035285428     
   143.72873357368974     
   146.87030762579664     
   150.01188245695477     
   153.15345801922788     
   156.29503426853353     
   159.43661116426316     
   162.57818866894667     
   165.71976674795502     
   168.86134536923583     
   172.00292450307819     
   175.14450412190274     
   178.28608420007376     
   181.42766471373105     
   184.56924564063871     
   187.71082696004936     
   190.85240865258152     
   193.99399070010912     
   197.13557308566141     
   200.27715579333241     
   203.41873880819864     
   206.56032211624446     
   209.70190570429406     
   212.84348955994949     
   215.98507367153402     
   219.12665802804057     
   222.26824261908430     
   225.40982743485932     
   228.55141246609881     
   231.69299770403853     
   234.83458314038324     
   237.97616876727565     
   241.11775457726802     
   244.25934056329569     
   247.40092671865281     
   250.54251303696995     
   253.68409951219309     
   256.82568613856444     
   259.96727291060449     
   263.10885982309549     
   266.25044687106589     
   269.39203404977604     
   272.53362135470491     
   275.67520878153744     
   278.81679632615311     
   281.95838398461490     
   285.09997175315954     
   288.24155962818770     
   291.38314760625519     
   294.52473568406498     
   297.66632385845895     
   300.80791212641111     
   303.94950048502056     
   307.09108893150506     
   310.23267746319499     
   313.37426607752786     
   316.51585477204293     
   319.65744354437618     
   322.79903239225553     
   325.94062131349671     
   329.08221030599856     
   332.22379936773962     
   335.36538849677413     
   338.50697769122849     
   341.64856694929807     
   344.79015626924399     
   347.93174564939022     
   351.07333508812059     
   354.21492458387644     
   357.35651413515376     
   360.49810374050105     
   363.63969339851701     
   366.78128310784831     
   369.92287286718749     
   373.06446267527127     
   376.20605253087848     
   379.34764243282848     
   382.48923237997934     
   385.63082237122637     
   388.77241240550063     
   391.91400248176740     
   395.05559259902486     
   398.19718275630282     
   401.33877295266154     
   404.48036318719039     
   407.62195345900687     
   410.76354376725533     
   413.90513411110635     
   417.04672448975526     
   420.18831490242161     
   423.32990534834806     
   426.47149582679964     
   429.61308633706273     
   432.75467687844457     
   435.89626745027232     
   439.03785805189244     
   442.17944868266994     
   445.32103934198773     
   448.46263002924599     
   451.60422074386167     
   454.74581148526772     
   457.88740225291281     
   461.02899304626044     
   464.17058386478880     
   467.31217470798998     
   470.45376557536986     
   473.59535646644713     
   476.73694738075335     
   479.87853831783229     
   483.02012927723973     
   486.16172025854263     
   489.30331126131938     
   492.44490228515900     
   495.58649332966087     
   498.72808439443457     
   501.86967547909939     
   505.01126658328411     
   508.15285770662672     
   511.29444884877404     
   514.43604000938160     
   517.57763118811329     
   520.71922238464094     
   523.86081359864454     
   527.00240482981155     
   530.14399607783673     
   533.28558734242210     
   536.42717862327697     
   539.56876992011689     
   542.71036123266447     
   545.85195256064833     
   548.99354390380358     
   552.13513526187126     
   555.27672663459816     
   558.41831802173692     
   561.55990942304572     
   564.70150083828798     
   567.84309226723246     
   570.98468370965304     
   574.12627516532848     
   577.26786663404243     
   580.40945811558299     
   583.55104960974325     
   586.69264111632026     
   589.83423263511565     
   592.97582416593536     
   596.11741570858931     
   599.25900726289115     
   602.40059882865887     
   605.54219040571377     
   608.68378199388133     
   611.82537359299033     
   614.96696520287287     
   618.10855682336501     
   621.25014845430542     
   624.39174009553676     
   627.53333174690420     
   630.67492340825640     
   633.81651507944491     
   636.95810676032409     
   640.09969845075136     
   643.24129015058668     
   646.38288185969304     
   649.52447357793574     
   652.66606530518300     
   655.80765704130533     
   658.94924878617587     
   662.09084053967001     
   665.23243230166565     
   668.37402407204286     
   671.51561585068396     
   674.65720763747356     
   677.79879943229844     
   680.94039123504717     
   684.08198304561085     
   687.22357486388205     
   690.36516668975571     
   693.50675852312850     
   696.64835036389889     
   699.78994221196729     
   702.93153406723582     
   706.07312592960852     
   709.21471779899082     
   712.35630967528994     
   715.49790155841492     
   718.63949344827620     
   721.78108534478577     
   724.92267724785722     
   728.06426915740565     
   731.20586107334748     
   734.34745299560075     
   737.48904492408485     
   740.63063685872032     
   743.77222879942929     
   746.91382074613512     
   750.05541269876244     
   753.19700465723724     
   756.33859662148666     
   759.48018859143895     
   762.62178056702362     
   765.76337254817133     
   768.90496453481410     
   772.04655652688461     
   775.18814852431694     
   778.32974052704628     
   781.47133253500863     
   784.61292454814111     
   787.75451656638188     
   790.89610858967012     
   794.03770061794592     
   797.17929265115026     
   800.32088468922518     
   803.46247673211349     
   806.60406877975890     
   809.74566083210607     
   812.88725288910064     
   816.02884495068872     
   819.17043701681746     
   822.31202908743501     
   825.45362116249009     
   828.59521324193202     
   831.73680532571132     
   834.87839741377888     
   838.01998950608652     
   841.16158160258669     
   844.30317370323269     
   847.44476580797834     
   850.58635791677818     
   853.72795002958753     
   856.86954214636228     
   860.01113426705899     
   863.15272639163470     
   866.29431852004745     
   869.43591065225542     
   872.57750278821777     
   875.71909492789393     
   878.86068707124423     
   882.00227921822932     
   885.14387136881055     
   888.28546352294973     
   891.42705568060933     
   894.56864784175218     
   897.71024000634168     
   900.85183217434178     
   903.99342434571702     
   907.13501652043215     
   910.27660869845283     
   913.41820087974475     
   916.55979306427434     
   919.70138525200855     
   922.84297744291439     
   925.98456963695980     
   929.12616183411285     
   932.26775403434215     
   935.40934623761666     
   938.55093844390592     
   941.69253065317957     
   944.83412286540795     
   947.97571508056160     
   951.11730729861165     
   954.25889951952945     
   957.40049174328681     
   960.54208396985575     
   963.68367619920889     
   966.82526843131905     
   969.96686066615950     
   973.10845290370366     
   976.25004514392549     
   979.39163738679918     
   982.53322963229948     
   985.67482188040105     
   988.81641413107923     
   991.95800638430944     
   995.09959864006760     
   998.24119089832982     
   1001.3827831590726     
   1004.5243754222724     
   1007.6659676879066     
   1010.8075599559522     
   1013.9491522263870     
   1017.0907444991888     
   1020.2323367743356     
   1023.3739290518060     
   1026.5155213315786     
   1029.6571136136322     
   1032.7987058979463     
   1035.9402981844999     
   1039.0818904732730     
   1042.2234827642455     
   1045.3650750573975     
   1048.5066673527092     
   1051.6482596501617     
   1054.7898519497355     
   1057.9314442514121     
   1061.0730365551724     
   1064.2146288609981     
   1067.3562211688709     
   1070.4978134787730     
   1073.6394057906864     
   1076.7809981045934     
   1079.9225904204768     
   1083.0641827383195     
   1086.2057750581041     
   1089.3473673798142     
   1092.4889597034328     
   1095.6305520289438     
   1098.7721443563312     
   1101.9137366855782     
   1105.0553290166695     
   1108.1969213495893     
   1111.3385136843222     
   1114.4801060208526     
   1117.6216983591655     
   1120.7632906992458     
   1123.9048830410788     
   1127.0464753846500     
   1130.1880677299446     
   1133.3296600769484     
   1136.4712524256472     
   1139.6128447760268     
   1142.7544371280737     
   1145.8960294817741     
   1149.0376218371143     
   1152.1792141940809     
   1155.3208065526608     
   1158.4623989128406     
   1161.6039912746076     
   1164.7455836379488     
   1167.8871760028514     
   1171.0287683693032     
   1174.1703607372913     
   1177.3119531068037     
   1180.4535454778281     
   1183.5951378503526     
   1186.7367302243651     
   1189.8783225998541     
   1193.0199149768075     
   1196.1615073552141     
   1199.3030997350625     
   1202.4446921163412     
   1205.5862844990390     
   1208.7278768831452     
   1211.8694692686483     
   1215.0110616555380     
   1218.1526540438033     
   1221.2942464334335     
   1224.4358388244182     
   1227.5774312167471     
   1230.7190236104097     
   1233.8606160053962     
   1237.0022084016960     
   1240.1438007992992     
   1243.2853931981965     
   1246.4269855983773     
   1249.5685779998325     
   1252.7101704025524     
   1255.8517628065274     
   1258.9933552117479     
   1262.1349476182052     
   1265.2765400258895     
   1268.4181324347919     
   1271.5597248449033     
   1274.7013172562149     
   1277.8429096687180     
   1280.9845020824034     
   1284.1260944972628     
   1287.2676869132872     
   1290.4092793304685     
   1293.5508717487980     
   1296.6924641682676     
   1299.8340565888689     
   1302.9756490105938     
   1306.1172414334339     
   1309.2588338573814     
   1312.4004262824285     
   1315.5420187085670     
   1318.6836111357893     
   1321.8252035640876     
   1324.9667959934541     
   1328.1083884238815     
   1331.2499808553623     
   1334.3915732878888     
   1337.5331657214538     
   1340.6747581560498     
   1343.8163505916700     
   1346.9579430283070     
   1350.0995354659535     
   1353.2411279046025     
   1356.3827203442474     
   1359.5243127848810     
   1362.6659052264965     
   1365.8074976690873     
   1368.9490901126464     
   1372.0906825571674     
   1375.2322750026435     
   1378.3738674490683     
   1381.5154598964352     
   1384.6570523447378     
   1387.7986447939702     
   1390.9402372441255     
   1394.0818296951977     
   1397.2234221471806     
   1400.3650146000680     
   1403.5066070538539     
   1406.6481995085323     
   1409.7897919640973     
   1412.9313844205428     
   1416.0729768778633     
   1419.2145693360524     
   1422.3561617951048     
   1425.4977542550148     
   1428.6393467157764     
   1431.7809391773842     
   1434.9225316398326     
   1438.0641241031165     
   1441.2057165672297     
   1444.3473090321672     
   1447.4889014979237     
   1450.6304939644938     
   1453.7720864318721     
   1456.9136789000536     
   1460.0552713690329     
   1463.1968638388048     
   1466.3384563093646     
   1469.4800487807067     
   1472.6216412528265     
   1475.7632337257191     
   1478.9048261993794     
   1482.0464186738022     
   1485.1880111489832     
   1488.3296036249174     
   1491.4711961016001     
   1494.6127885790263     
   1497.7543810571915     
   1500.8959735360911     
   1504.0375660157206     
   1507.1791584960754     
   1510.3207509771507     
   1513.4623434589421     
   1516.6039359414453     
   1519.7455284246560     
   1522.8871209085696     
   1526.0287133931818     
   1529.1703058784883     
   1532.3118983644849     
   1535.4534908511671     
   1538.5950833385311     
   1541.7366758265725     
   1544.8782683152872     
   1548.0198608046710     
   1551.1614532947201     
   1554.3030457854302     
   1557.4446382767974     
   1560.5862307688178     
   1563.7278232614874     
   1566.8694157548023     
   1570.0110082487586     
   1573.1526007433524     
   1576.2941932385800     
   1579.4357857344376     
   1582.5773782309213     
   1585.7189707280277     
   1588.8605632257529     
   1592.0021557240932     
   1595.1437482230451     
   1598.2853407226048     
   1601.4269332227689     
   1604.5685257235336     
   1607.7101182248960     
   1610.8517107268517     
   1613.9933032293980     
   1617.1348957325310     
   1620.2764882362476     
   1623.4180807405442     
   1626.5596732454173     
   1629.7012657508640     
   1632.8428582568806     
   1635.9844507634641     
   1639.1260432706110     
   1642.2676357783184     
   1645.4092282865827     
   1648.5508207954008     
   1651.6924133047698     
   1654.8340058146864     
   1657.9755983251473     
   1661.1171908361496     
   1664.2587833476903     
   1667.4003758597664     
   1670.5419683723746     
   1673.6835608855120     
   1676.8251533991759     
   1679.9667459133630     
   1683.1083384280705     
   1686.2499309432953     
   1689.3915234590349     
   1692.5331159752864     
   1695.6747084920466     
   1698.8163010093128     
   1701.9578935270824     
   1705.0994860453525     
   1708.2410785641202     
   1711.3826710833832     
   1714.5242636031383     
   1717.6658561233828     
   1720.8074486441144     
   1723.9490411653301     
   1727.0906336870273     
   1730.2322262092036     
   1733.3738187318561     
   1736.5154112549826     
   1739.6570037785800     
   1742.7985963026463     
   1745.9401888271786     
   1749.0817813521746     
   1752.2233738776317     
   1755.3649664035474     
   1758.5065589299193     
   1761.6481514567449     
   1764.7897439840219     
   1767.9313365117478     
   1771.0729290399202     
   1774.2145215685366     
   1777.3561140975951     
   1780.4977066270928     
   1783.6392991570278     
   1786.7808916873976     
   1789.9224842181998     
   1793.0640767494324     
   1796.2056692810929     
   1799.3472618131793     
   1802.4888543456891     
   1805.6304468786204     
   1808.7720394119708     
   1811.9136319457380     
   1815.0552244799201     
   1818.1968170145149     
   1821.3384095495201     
   1824.4800020849336     
   1827.6215946207537     
   1830.7631871569777     
   1833.9047796936038     
   1837.0463722306301     
   1840.1879647680544     
   1843.3295573058747     
   1846.4711498440888     
   1849.6127423826949     
   1852.7543349216908     
   1855.8959274610747     
   1859.0375200008448     
   1862.1791125409989     
   1865.3207050815349     
   1868.4622976224512     
   1871.6038901637457     
   1874.7454827054166     
   1877.8870752474620     
   1881.0286677898800     
   1884.1702603326687     
   1887.3118528758262     
   1890.4534454193508     
   1893.5950379632407     
   1896.7366305074938     
   1899.8782230521085     
   1903.0198155970832     
   1906.1614081424159     
   1909.3030006881047     
   1912.4445932341480     
   1915.5861857805442     
   1918.7277783272914     
   1921.8693708743876     
   1925.0109634218318     
   1928.1525559696217     
   1931.2941485177560     
   1934.4357410662326     
   1937.5773336150501     
   1940.7189261642068     
   1943.8605187137011     
   1947.0021112635313     
   1950.1437038136958     
   1953.2852963641931     
   1956.4268889150214     
   1959.5684814661793     
   1962.7100740176650     
   1965.8516665694769     
   1968.9932591216138     
   1972.1348516740738     
   1975.2764442268556     
   1978.4180367799574     
   1981.5596293333781     
   1984.7012218871157     
   1987.8428144411689     
   1990.9844069955363     
   1994.1259995502162     
   1997.2675921052075     
   2000.4091846605083     
   2003.5507772161175     
   2006.6923697720333     
   2009.8339623282545     
   2012.9755548847797     
   2016.1171474416074     
   2019.2587399987360     
   2022.4003325561646     
   2025.5419251138912     
   2028.6835176719148     
   2031.8251102302340     
   2034.9667027888474     
   2038.1082953477535     
   2041.2498879069510     
   2044.3914804664387     
   2047.5330730262151     
   2050.6746655862789     
   2053.8162581466290     
   2056.9578507072638     
   2060.0994432681819     
   2063.2410358293828     
   2066.3826283908638     
   2069.5242209526250     
   2072.6658135146645     
   2075.8074060769814     
   2078.9489986395733     
   2082.0905912024405     
   2085.2321837655809     
   2088.3737763289937     
   2091.5153688926771     
   2094.6569614566301     
   2097.7985540208515     
   2100.9401465853407     
   2104.0817391500955     
   2107.2233317151154     
   2110.3649242803986     
   2113.5065168459446     
   2116.6481094117521     
   2119.7897019778197     
   2122.9312945441466     
   2126.0728871107308     
   2129.2144796775719     
   2132.3560722446691     
   2135.4976648120205     
   2138.6392573796252     
   2141.7808499474822     
   2144.9224425155903     
   2148.0640350839485     
   2151.2056276525554     
   2154.3472202214102     
   2157.4888127905119     
   2160.6304053598597     
   2163.7719979294516     
   2166.9135904992872     
   2170.0551830693653     
   2173.1967756396848     
   2176.3383682102444     
   2179.4799607810437     
   2182.6215533520817     
   2185.7631459233567     
   2188.9047384948676     
   2192.0463310666141     
   2195.1879236385948     
   2198.3295162108088     
   2201.4711087832552     
   2204.6127013559326     
   2207.7542939288405     
   2210.8958865019777     
   2214.0374790753431     
   2217.1790716489359     
   2220.3206642227547     
   2223.4622567967995     
   2226.6038493710685     
   2229.7454419455607     
   2232.8870345202758     
   2236.0286270952129     
   2239.1702196703700     
   2242.3118122457472     
   2245.4534048213436     
   2248.5949973971574     
   2251.7365899731885     
   2254.8781825494357     
   2258.0197751258979     
   2261.1613677025748     
   2264.3029602794645     
   2267.4445528565675     
   2270.5861454338815     
   2273.7277380114069     
   2276.8693305891416     
   2280.0109231670858     
   2283.1525157452379     
   2286.2941083235974     
   2289.4357009021633     
   2292.5772934809352     
   2295.7188860599113     
   2298.8604786390915     
   2302.0020712184751     
   2305.1436637980605     
   2308.2852563778479     
   2311.4268489578353     
   2314.5684415380229     
   2317.7100341184096     
   2320.8516266989941     
   2323.9932192797760     
   2327.1348118607548     
   2330.2764044419291     
   2333.4179970232985     
   2336.5595896048621     
   2339.7011821866195     
   2342.8427747685691     
   2345.9843673507107     
   2349.1259599330433     
   2352.2675525155664     
   2355.4091450982787     
   2358.5507376811802     
   2361.6923302642695     
   2364.8339228475465     
   2367.9755154310096     
   2371.1171080146587     
   2374.2587005984933     
   2377.4002931825116     
   2380.5418857667141     
   2383.6834783510990     
   2386.8250709356666     
   2389.9666635204153     
   2393.1082561053445     
   2396.2498486904542     
   2399.3914412757431     
   2402.5330338612107     
   2405.6746264468561     
   2408.8162190326789     
   2411.9578116186781     
   2415.0994042048528     
   2418.2409967912031     
   2421.3825893777275     
   2424.5241819644261     
   2427.6657745512980     
   2430.8073671383418     
   2433.9489597255579     
   2437.0905523129445     
   2440.2321449005021     
   2443.3737374882294     
   2446.5153300761258     
   2449.6569226641905     
   2452.7985152524234     
   2455.9401078408232     
   2459.0817004293895     
   2462.2232930181221     
   2465.3648856070199     
   2468.5064781960823     
   2471.6480707853084     
   2474.7896633746982     
   2477.9312559642508     
   2481.0728485539657     
   2484.2144411438421     
   2487.3560337338795     
   2490.4976263240769     
   2493.6392189144344     
   2496.7808115049506     
   2499.9224040956256     
   2503.0639966864587     
   2506.2055892774488     
   2509.3471818685957     
   2512.4887744598991     
   2515.6303670513580     
   2518.7719596429715     
   2521.9135522347397     
   2525.0551448266615     
   2528.1967374187370     
   2531.3383300109649     
   2534.4799226033447     
   2537.6215151958763     
   2540.7631077885590     
   2543.9047003813921     
   2547.0462929743749     
   2550.1878855675072     
   2553.3294781607879     
   2556.4710707542172     
   2559.6126633477943     
   2562.7542559415183     
   2565.8958485353887     
   2569.0374411294056     
   2572.1790337235675     
   2575.3206263178749     
   2578.4622189123265     
   2581.6038115069223     
   2584.7454041016613     
   2587.8869966965431     
   2591.0285892915672     
   2594.1701818867332     
   2597.3117744820406     
   2600.4533670774890     
   2603.5949596730775     
   2606.7365522688060     
   2609.8781448646737     
   2613.0197374606801     
   2616.1613300568247     
   2619.3029226531071     
   2622.4445152495273     
   2625.5861078460839     
   2628.7277004427769     
   2631.8692930396055     
   2635.0108856365696     
   2638.1524782336687     
   2641.2940708309020     
   2644.4356634282694     
   2647.5772560257701     
   2650.7188486234040     
   2653.8604412211703     
   2657.0020338190684     
   2660.1436264170979     
   2663.2852190152589     
   2666.4268116135499     
   2669.5684042119719     
   2672.7099968105231     
   2675.8515894092034     
   2678.9931820080128     
   2682.1347746069505     
   2685.2763672060159     
   2688.4179598052087     
   2691.5595524045284     
   2694.7011450039749     
   2697.8427376035474     
   2700.9843302032459     
   2704.1259228030690     
   2707.2675154030176     
   2710.4091080030898     
   2713.5507006032863     
   2716.6922932036064     
   2719.8338858040493     
   2722.9754784046149     
   2726.1170710053029     
   2729.2586636061123     
   2732.4002562070436     
   2735.5418488080954     
   2738.6834414092682     
   2741.8250340105606     
   2744.9666266119730     
   2748.1082192135045     
   2751.2498118151552     
   2754.3914044169242     
   2757.5329970188113     
   2760.6745896208158     
   2763.8161822229381     
   2766.9577748251768     
   2770.0993674275323     
   2773.2409600300034     
   2776.3825526325909     
   2779.5241452352930     
   2782.6657378381105     
   2785.8073304410423     
   2788.9489230440881     
   2792.0905156472481     
   2795.2321082505209     
   2798.3737008539069     
   2801.5152934574057     
   2804.6568860610164     
   2807.7984786647394     
   2810.9400712685733     
   2814.0816638725187     
   2817.2232564765745     
   2820.3648490807409     
   2823.5064416850173     
   2826.6480342894033     
   2829.7896268938985     
   2832.9312194985023     
   2836.0728121032148     
   2839.2144047080355     
   2842.3559973129645     
   2845.4975899180004     
   2848.6391825231435     
   2851.7807751283931     
   2854.9223677337495     
   2858.0639603392119     
   2861.2055529447798     
   2864.3471455504532     
   2867.4887381562312     
   2870.6303307621142     
   2873.7719233681014     
   2876.9135159741927     
   2880.0551085803877     
   2883.1967011866855     
   2886.3382937930869     
   2889.4798863995902     
   2892.6214790061963     
   2895.7630716129042     
   2898.9046642197136     
   2902.0462568266244     
   2905.1878494336361     
   2908.3294420407487     
   2911.4710346479615     
   2914.6126272552738     
   2917.7542198626861     
   2920.8958124701981     
   2924.0374050778087     
   2927.1789976855180     
   2930.3205902933255     
   2933.4621829012312     
   2936.6037755092348     
   2939.7453681173361     
   2942.8869607255342     
   2946.0285533338288     
   2949.1701459422202     
   2952.3117385507080     
   2955.4533311592913     
   2958.5949237679706     
   2961.7365163767449     
   2964.8781089856143     
   2968.0197015945782     
   2971.1612942036363     
   2974.3028868127890     
   2977.4444794220349     
   2980.5860720313749     
   2983.7276646408077     
   2986.8692572503332     
   2990.0108498599516     
   2993.1524424696622     
   2996.2940350794647     
   2999.4356276893595     
   3002.5772202993453     
   3005.7188129094220     
   3008.8604055195901     
   3012.0019981298483     
   3015.1435907401969     
   3018.2851833506356     
   3021.4267759611644     
   3024.5683685717822     
   3027.7099611824892     
   3030.8515537932853     
   3033.9931464041697     
   3037.1347390151427     
   3040.2763316262040     
   3043.4179242373525     
   3046.5595168485893     
   3049.7011094599129     
   3052.8427020713234     
   3055.9842946828207     
   3059.1258872944045     
   3062.2674799060746     
   3065.4090725178303     
   3068.5506651296719     
   3071.6922577415990     
   3074.8338503536111     
   3077.9754429657078     
   3081.1170355778895     
   3084.2586281901554     
   3087.4002208025054     
   3090.5418134149395     
   3093.6834060274568     
   3096.8249986400574     
   3099.9665912527416     
   3103.1081838655082     
   3106.2497764783575     
   3109.3913690912891     
   3112.5329617043026     
   3115.6745543173984     
   3118.8161469305755     
   3121.9577395438337     
   3125.0993321571732     
   3128.2409247705937     
   3131.3825173840946     
   3134.5241099976761     
   3137.6657026113371     
   3140.8072952250786     
   3143.9488878388997     
   3147.0904804528000     
   3150.2320730667793     
   3153.3736656808378     
   3156.5152582949750     
   3159.6568509091903     
   3162.7984435234844     
   3165.9400361378562     
   3169.0816287523057     
   3172.2232213668326     
   3175.3648139814372     
   3178.5064065961183     
   3181.6479992108766     
   3184.7895918257118     
   3187.9311844406229     
   3191.0727770556105     
   3194.2143696706735     
   3197.3559622858124     
   3200.4975549010273     
   3203.6391475163168     
   3206.7807401316818     
   3209.9223327471213     
   3213.0639253626359     
   3216.2055179782242     
   3219.3471105938870     
   3222.4887032096240     
   3225.6302958254346     
   3228.7718884413184     
   3231.9134810572759     
   3235.0550736733062     
   3238.1966662894097     
   3241.3382589055855     
   3244.4798515218340     
   3247.6214441381544     
   3250.7630367545471     
   3253.9046293710117     
   3257.0462219875481     
   3260.1878146041554     
   3263.3294072208341     
   3266.4709998375838     
   3269.6125924544044     
   3272.7541850712955     
   3275.8957776882571     
   3279.0373703052887     
   3282.1789629223904     
   3285.3205555395621     
   3288.4621481568033     
   3291.6037407741137     
   3294.7453333914932     
   3297.8869260089418     
   3301.0285186264591     
   3304.1701112440451     
   3307.3117038616997     
   3310.4532964794221     
   3313.5948890972127     
   3316.7364817150715     
   3319.8780743329976     
   3323.0196669509910     
   3326.1612595690517     
   3329.3028521871793     
   3332.4444448053741     
   3335.5860374236354     
   3338.7276300419630     
   3341.8692226603575     
   3345.0108152788175     
   3348.1524078973439     
   3351.2940005159357     
   3354.4355931345931     
   3357.5771857533159     
   3360.7187783721038     
   3363.8603709909567     
   3367.0019636098746     
   3370.1435562288571     
   3373.2851488479041     
   3376.4267414670153     
   3379.5683340861906     
   3382.7099267054300     
   3385.8515193247326     
   3388.9931119440994     
   3392.1347045635293     
   3395.2762971830225     
   3398.4178898025784     
   3401.5594824221976     
   3404.7010750418794     
   3407.8426676616236     
   3410.9842602814301     
   3414.1258529012989     
   3417.2674455212300     
   3420.4090381412225     
   3423.5506307612768     
   3426.6922233813925     
   3429.8338160015696     
   3432.9754086218077     
   3436.1170012421071     
   3439.2585938624670     
   3442.4001864828879     
   3445.5417791033692     
   3448.6833717239106     
   3451.8249643445120     
   3454.9665569651738     
   3458.1081495858953     
   3461.2497422066763     
   3464.3913348275173     
   3467.5329274484170     
   3470.6745200693763     
   3473.8161126903942     
   3476.9577053114713     
   3480.0992979326074     
   3483.2408905538014     
   3486.3824831750544     
   3489.5240757963652     
   3492.6656684177342     
   3495.8072610391609     
   3498.9488536606455     
   3502.0904462821877     
   3505.2320389037877     
   3508.3736315254446     
   3511.5152241471587     
   3514.6568167689297     
   3517.7984093907576     
   3520.9400020126423     
   3524.0815946345833     
   3527.2231872565808     
   3530.3647798786346     
   3533.5063725007444     
   3536.6479651229101     
   3539.7895577451318     
   3542.9311503674089     
   3546.0727429897415     
   3549.2143356121296     
   3552.3559282345727     
   3555.4975208570709     
   3558.6391134796240     
   3561.7807061022318     
   3564.9222987248941     
   3568.0638913476114     
   3571.2054839703824     
   3574.3470765932079     
   3577.4886692160871     
   3580.6302618390205     
   3583.7718544620075     
   3586.9134470850486     
   3590.0550397081424     
   3593.1966323312899     
   3596.3382249544907     
   3599.4798175777441     
   3602.6214102010508     
   3605.7630028244103     
   3608.9045954478224     
   3612.0461880712869     
   3615.1877806948037     
   3618.3293733183727     
   3621.4709659419941     
   3624.6125585656673     
   3627.7541511893919     
   3630.8957438131688     
   3634.0373364369971     
   3637.1789290608763     
   3640.3205216848073     
   3643.4621143087893     
   3646.6037069328222     
   3649.7452995569060     
   3652.8868921810408     
   3656.0284848052261     
   3659.1700774294618     
   3662.3116700537480     
   3665.4532626780842     
   3668.5948553024709     
   3671.7364479269072     
   3674.8780405513935     
   3678.0196331759298     
   3681.1612258005152     
   3684.3028184251502     
   3687.4444110498348     
   3690.5860036745680     
   3693.7275962993508     
   3696.8691889241827     
   3700.0107815490633     
   3703.1523741739920     
   3706.2939667989699     
   3709.4355594239964     
   3712.5771520490707     
   3715.7187446741937     
   3718.8603372993643     
   3722.0019299245832     
   3725.1435225498503     
   3728.2851151751647     
   3731.4267078005269     
   3734.5683004259363     
   3737.7098930513930     
   3740.8514856768975     
   3743.9930783024488     
   3747.1346709280469     
   3750.2762635536924     
   3753.4178561793842     
   3756.5594488051229     
   3759.7010414309084     
   3762.8426340567398     
   3765.9842266826176     
   3769.1258193085418     
   3772.2674119345120     
   3775.4090045605285     
   3778.5505971865905     
   3781.6921898126984     
   3784.8337824388518     
   3787.9753750650507     
   3791.1169676912950     
   3794.2585603175844     
   3797.4001529439192     
   3800.5417455702991     
   3803.6833381967240     
   3806.8249308231934     
   3809.9665234497079     
   3813.1081160762669     
   3816.2497087028701     
   3819.3913013295182     
   3822.5328939562100     
   3825.6744865829464     
   3828.8160792097269     
   3831.9576718365511     
   3835.0992644634193     
   3838.2408570903312     
   3841.3824497172868     
   3844.5240423442860     
   3847.6656349713285     
   3850.8072275984146     
   3853.9488202255434     
   3857.0904128527154     
   3860.2320054799306     
   3863.3735981071886     
   3866.5151907344898     
   3869.6567833618333     
   3872.7983759892190     
   3875.9399686166480     
   3879.0815612441188     
   3882.2231538716319     
   3885.3647464991873     
   3888.5063391267850     
   3891.6479317544245     
   3894.7895243821054     
   3897.9311170098285     
   3901.0727096375931     
   3904.2143022653995     
   3907.3558948932473     
   3910.4974875211365     
   3913.6390801490666     
   3916.7806727770385     
   3919.9222654050509     
   3923.0638580331042     
   3926.2054506611989     
   3929.3470432893341     
   3932.4886359175098     
   3935.6302285457264     
   3938.7718211739834     
   3941.9134138022805     
   3945.0550064306181     
   3948.1965990589956     
   3951.3381916874137     
   3954.4797843158717     
   3957.6213769443693     
   3960.7629695729070     
   3963.9045622014842     
   3967.0461548301009     
   3970.1877474587573     
   3973.3293400874531     
   3976.4709327161881     
   3979.6125253449627     
   3982.7541179737764     
   3985.8957106026287     
   3989.0373032315206     
   3992.1788958604507     
   3995.3204884894199     
   3998.4620811184282     
   4001.6036737474747     
   4004.7452663765594     
   4007.8868590056827     
   4011.0284516348447     
   4014.1700442640445     
   4017.3116368932829     
   4020.4532295225590     
   4023.5948221518729     
   4026.7364147812250     
   4029.8780074106148     
   4033.0196000400424     
   4036.1611926695077     
   4039.3027852990103     
   4042.4443779285502     
   4045.5859705581279     
   4048.7275631877428     
   4051.8691558173946     
   4055.0107484470836     
   4058.1523410768095     
   4061.2939337065723     
   4064.4355263363723     
   4067.5771189662087     
   4070.7187115960819     
   4073.8603042259915     
   4077.0018968559380     
   4080.1434894859203     
   4083.2850821159395     
   4086.4266747459947     
   4089.5682673760862     
   4092.7098600062136     
   4095.8514526363770     
   4098.9930452665767     
   4102.1346378968110     
   4105.2762305270826     
   4108.4178231573887     
   4111.5594157877313     
   4114.7010084181084     
   4117.8426010485218     
   4120.9841936789699     
   4124.1257863094543     
   4127.2673789399732     
   4130.4089715705268     
   4133.5505642011158     
   4136.6921568317393     
   4139.8337494623984     
   4142.9753420930920     
   4146.1169347238201     
   4149.2585273545828     
   4152.4001199853801     
   4155.5417126162120     
   4158.6833052470784     
   4161.8248978779793     
   4164.9664905089139     
   4168.1080831398831     
   4171.2496757708859     
   4174.3912684019224     
   4177.5328610329934     
   4180.6744536640981     
   4183.8160462952364     
   4186.9576389264093     
   4190.0992315576150     
   4193.2408241888543     
   4196.3824168201272     
   4199.5240094514329     
   4202.6656020827731     
   4205.8071947141452     
   4208.9487873455519     
   4212.0903799769903     
   4215.2319726084625     
   4218.3735652399673     
   4221.5151578715058     
   4224.6567505030762     
   4227.7983431346793     
   4230.9399357663160     
   4234.0815283979846     
   4237.2231210296850     
   4240.3647136614190     
   4243.5063062931849     
   4246.6478989249827     
   4249.7894915568131     
   4252.9310841886763     
   4256.0726768205705     
   4259.2142694524973     
   4262.3558620844560     
   4265.4974547164466     
   4268.6390473484689     
   4271.7806399805231     
   4274.9222326126082     
   4278.0638252447252     
   4281.2054178768740     
   4284.3470105090546     
   4287.4886031412661     
   4290.6301957735086     
   4293.7717884057829     
   4296.9133810380881     
   4300.0549736704243     
   4303.1965663027922     
   4306.3381589351902     
   4309.4797515676191     
   4312.6213442000799     
   4315.7629368325706     
   4318.9045294650923     
   4322.0461220976440     
   4325.1877147302266     
   4328.3293073628402     
   4331.4708999954837     
   4334.6124926281573     
   4337.7540852608618     
   4340.8956778935963     
   4344.0372705263608     
   4347.1788631591562     
   4350.3204557919807     
   4353.4620484248353     
   4356.6036410577208     
   4359.7452336906344     
   4362.8868263235790     
   4366.0284189565537     
   4369.1700115895574     
   4372.3116042225902     
   4375.4531968556530     
   4378.5947894887449     
   4381.7363821218669     
   4384.8779747550179     
   4388.0195673881981     
   4391.1611600214073     
   4394.3027526546457     
   4397.4443452879141     
   4400.5859379212106     
   4403.7275305545363     
   4406.8691231878902     
   4410.0107158212741     
   4413.1523084546861     
   4416.2939010881264     
   4419.4354937215958     
   4422.5770863550943     
   4425.7186789886209     
   4428.8602716221758     
   4432.0018642557598     
   4435.1434568893710     
   4438.2850495230114     
   4441.4266421566790     
   4444.5682347903758     
   4447.7098274241007     
   4450.8514200578529     
   4453.9930126916333     
   4457.1346053254420     
   4460.2761979592788     
   4463.4177905931429     
   4466.5593832270342     
   4469.7009758609538     
   4472.8425684949016     
   4475.9841611288766     
   4479.1257537628790     
   4482.2673463969086     
   4485.4089390309655     
   4488.5505316650506     
   4491.6921242991621     
   4494.8337169333008     
   4497.9753095674669     
   4501.1169022016602     
   4504.2584948358808     
   4507.4000874701287     
   4510.5416801044030     
   4513.6832727387036     
   4516.8248653730316     
   4519.9664580073868     
   4523.1080506417684     
   4526.2496432761764     
   4529.3912359106116     
   4532.5328285450723     
   4535.6744211795603     
   4538.8160138140747     
   4541.9576064486155     
   4545.0991990831826     
   4548.2407917177761     
   4551.3823843523960     
   4554.5239769870414     
   4557.6655696217131     
   4560.8071622564112     
   4563.9487548911347     
   4567.0903475258847     
   4570.2319401606601     
   4573.3735327954619     
   4576.5151254302891     
   4579.6567180651427     
   4582.7983107000218     
   4585.9399033349255     
   4589.0814959698564     
   4592.2230886048119     
   4595.3646812397928     
   4598.5062738747993     
   4601.6478665098311     
   4604.7894591448885     
   4607.9310517799704     
   4611.0726444150787     
   4614.2142370502115     
   4617.3558296853689     
   4620.4974223205518     
   4623.6390149557601     
   4626.7806075909930     
   4629.9222002262513     
   4633.0637928615333     
   4636.2053854968417     
   4639.3469781321737     
   4642.4885707675303     
   4645.6301634029123     
   4648.7717560383189     
   4651.9133486737492     
   4655.0549413092049     
   4658.1965339446851     
   4661.3381265801891     
   4664.4797192157175     
   4667.6213118512705     
   4670.7629044868481     
   4673.9044971224494     
   4677.0460897580751     
   4680.1876823937246     
   4683.3292750293986     
   4686.4708676650962     
   4689.6124603008175     
   4692.7540529365633     
   4695.8956455723328     
   4699.0372382081259     
   4702.1788308439436     
   4705.3204234797840     
   4708.4620161156490     
   4711.6036087515367     
   4714.7452013874490     
   4717.8867940233840     
   4721.0283866593436     
   4724.1699792953259     
   4727.3115719313309     
   4730.4531645673605     
   4733.5947572034129     
   4736.7363498394880     
   4739.8779424755867     
   4743.0195351117090     
   4746.1611277478542     
   4749.3027203840220     
   4752.4443130202135     
   4755.5859056564277     
   4758.7274982926647     
   4761.8690909289253     
   4765.0106835652077     
   4768.1522762015138     
   4771.2938688378426     
   4774.4354614741933     
   4777.5770541105676     
   4780.7186467469637     
   4783.8602393833826     
   4787.0018320198242     
   4790.1434246562885     
   4793.2850172927756     
   4796.4266099292845     
   4799.5682025658152     
   4802.7097952023696     
   4805.8513878389449     
   4808.9929804755429     
   4812.1345731121637     
   4815.2761657488063     
   4818.4177583854707     
   4821.5593510221570     
   4824.7009436588660     
   4827.8425362955968     
   4830.9841289323494     
   4834.1257215691239     
   4837.2673142059202     
   4840.4089068427375     
   4843.5504994795774     
   4846.6920921164392     
   4849.8336847533228     
   4852.9752773902273     
   4856.1168700271537     
   4859.2584626641019     
   4862.4000553010710     
   4865.5416479380619     
   4868.6832405750747     
   4871.8248332121084     
   4874.9664258491630     
   4878.1080184862394     
   4881.2496111233377     
   4884.3912037604559     
   4887.5327963975960     
   4890.6743890347570     
   4893.8159816719399     
   4896.9575743091427     
   4900.0991669463674     
   4903.2407595836130     
   4906.3823522208786     
   4909.5239448581660     
   4912.6655374954735     
   4915.8071301328027     
   4918.9487227701520     
   4922.0903154075222     
   4925.2319080449133     
   4928.3735006823254     
   4931.5150933197574     
   4934.6566859572104     
   4937.7982785946833     
   4940.9398712321772     
   4944.0814638696911     
   4947.2230565072259     
   4950.3646491447817     
   4953.5062417823565     
   4956.6478344199522     
   4959.7894270575680     
   4962.9310196952047     
   4966.0726123328614     
   4969.2142049705371     
   4972.3557976082338     
   4975.4973902459506     
   4978.6389828836873     
   4981.7805755214440     
   4984.9221681592207     
   4988.0637607970175     
   4991.2053534348343     
   4994.3469460726701     
   4997.4885387105269     
   5000.6301313484028     
   5003.7717239862986     
   5006.9133166242136     
   5010.0549092621486     
   5013.1965019001036     
   5016.3380945380777     
   5019.4796871760709     
   5022.6212798140841     
   5025.7628724521173     
   5028.9044650901697     
   5032.0460577282411     
   5035.1876503663316     
   5038.3292430044421     
   5041.4708356425717     
   5044.6124282807205     
   5047.7540209188883     
   5050.8956135570761     
   5054.0372061952821     
   5057.1787988335072     
   5060.3203914717524     
   5063.4619841100157     
   5066.6035767482981     
   5069.7451693865996     
   5072.8867620249202     
   5076.0283546632600     
   5079.1699473016179     
   5082.3115399399949     
   5085.4531325783910     
   5088.5947252168062     
   5091.7363178552396     
   5094.8779104936912     
   5098.0195031321618     
   5101.1610957706516     
   5104.3026884091596     
   5107.4442810476858     
   5110.5858736862310     
   5113.7274663247945     
   5116.8690589633761     
   5120.0106516019769     
   5123.1522442405958     
   5126.2938368792329     
   5129.4354295178882     
   5132.5770221565617     
   5135.7186147952534     
   5138.8602074339642     
   5142.0018000726923     
   5145.1433927114385     
   5148.2849853502030     
   5151.4265779889856     
   5154.5681706277865     
   5157.7097632666055     
   5160.8513559054427     
   5163.9929485442972     
   5167.1345411831699     
   5170.2761338220598     
   5173.4177264609689     
   5176.5593190998943     
   5179.7009117388388     
   5182.8425043778007     
   5185.9840970167797     
   5189.1256896557770     
   5192.2672822947916     
   5195.4088749338243     
   5198.5504675728744     
   5201.6920602119417     
   5204.8336528510272     
   5207.9752454901291     
   5211.1168381292491     
   5214.2584307683874     
   5217.4000234075420     
   5220.5416160467139     
   5223.6832086859040     
   5226.8248013251105     
   5229.9663939643351     
   5233.1079866035761     
   5236.2495792428354     
   5239.3911718821109     
   5242.5327645214038     
   5245.6743571607140     
   5248.8159498000414     
   5251.9575424393861     
   5255.0991350787472     
   5258.2407277181255     
   5261.3823203575212     
   5264.5239129969332     
   5267.6655056363625     
   5270.8070982758081     
   5273.9486909152711     
   5277.0902835547504     
   5280.2318761942470     
   5283.3734688337609     
   5286.5150614732902     
   5289.6566541128377     
   5292.7982467524007     
   5295.9398393919810     
   5299.0814320315776     
   5302.2230246711906     
   5305.3646173108200     
   5308.5062099504667     
   5311.6478025901297     
   5314.7893952298082     
   5317.9309878695040     
   5321.0725805092161     
   5324.2141731489446     
   5327.3557657886895     
   5330.4973584284508     
   5333.6389510682284     
   5336.7805437080215     
   5339.9221363478318     
   5343.0637289876577     
   5346.2053216274999     
   5349.3469142673584     
   5352.4885069072334     
   5355.6300995471238     
   5358.7716921870306     
   5361.9132848269528     
   5365.0548774668923     
   5368.1964701068464     
   5371.3380627468177     
   5374.4796553868036     
   5377.6212480268068     
   5380.7628406668246     
   5383.9044333068587     
   5387.0460259469091     
   5390.1876185869751     
   5393.3292112270565     
   5396.4708038671533     
   5399.6123965072666     
   5402.7539891473953     
   5405.8955817875394     
   5409.0371744276990     
   5412.1787670678750     
   5415.3203597080656     
   5418.4619523482725     
   5421.6035449884948     
   5424.7451376287327     
   5427.8867302689850     
   5431.0283229092538     
   5434.1699155495380     
   5437.3115081898368     
   5440.4531008301519     
   5443.5946934704816     
   5446.7362861108268     
   5449.8778787511874     
   5453.0194713915625     
   5456.1610640319541     
   5459.3026566723602     
   5462.4442493127817     
   5465.5858419532178     
   5468.7274345936694     
   5471.8690272341364     
   5475.0106198746180     
   5478.1522125151141     
   5481.2938051556266     
   5484.4353977961528     
   5487.5769904366944     
   5490.7185830772514     
   5493.8601757178230     
   5497.0017683584092     
   5500.1433609990108     
   5503.2849536396261     
   5506.4265462802578     
   5509.5681389209030     
   5512.7097315615638     
   5515.8513242022391     
   5518.9929168429289     
   5522.1345094836333     
   5525.2761021243523     
   5528.4176947650858     
   5531.5592874058348     
   5534.7008800465974     
   5537.8424726873754     
   5540.9840653281672     
   5544.1256579689734     
   5547.2672506097952     
   5550.4088432506305     
   5553.5504358914804     
   5556.6920285323449     
   5559.8336211732230     
   5562.9752138141166     
   5566.1168064550238     
   5569.2583990959456     
   5572.3999917368819     
   5575.5415843778319     
   5578.6831770187964     
   5581.8247696597755     
   5584.9663623007682     
   5588.1079549417755     
   5591.2495475827964     
   5594.3911402238318     
   5597.5327328648809     
   5600.6743255059446     
   5603.8159181470219     
   5606.9575107881137     
   5610.0991034292192     
   5613.2406960703383     
   5616.3822887114720     
   5619.5238813526194     
   5622.6654739937812     
   5625.8070666349558     
   5628.9486592761450     
   5632.0902519173478     
   5635.2318445585652     
   5638.3734371997953     
   5641.5150298410399     
   5644.6566224822973     
   5647.7982151235692     
   5650.9398077648548     
   5654.0814004061540     
   5657.2229930474668     
   5660.3645856887924     
   5663.5061783301326     
   5666.6477709714864     
   5669.7893636128538     
   5672.9309562542339     
   5676.0725488956286     
   5679.2141415370361     
   5682.3557341784572     
   5685.4973268198919     
   5688.6389194613394     
   5691.7805121028014     
   5694.9221047442761     
   5698.0636973857636     
   5701.2052900272656     
   5704.3468826687804     
   5707.4884753103079     
   5710.6300679518499     
   5713.7716605934038     
   5716.9132532349722     
   5720.0548458765534     
   5723.1964385181473     
   5726.3380311597548     
   5729.4796238013751     
   5732.6212164430090     
   5735.7628090846556     
   5738.9044017263150     
   5742.0459943679880     
   5745.1875870096737     
   5748.3291796513731     
   5751.4707722930852     
   5754.6123649348101     
   5757.7539575765477     
   5760.8955502182980     
   5764.0371428600620     
   5767.1787355018387     
   5770.3203281436281     
   5773.4619207854303     
   5776.6035134272452     
   5779.7451060690728     
   5782.8866987109141     
   5786.0282913527672     
   5789.1698839946330     
   5792.3114766365125     
   5795.4530692784037     
   5798.5946619203078     
   5801.7362545622245     
   5804.8778472041540     
   5808.0194398460962     
   5811.1610324880512     
   5814.3026251300189     
   5817.4442177719984     
   5820.5858104139907     
   5823.7274030559956     
   5826.8689956980134     
   5830.0105883400429     
   5833.1521809820852     
   5836.2937736241402     
   5839.4353662662070     
   5842.5769589082865     
   5845.7185515503788     
   5848.8601441924829     
   5852.0017368345998     
   5855.1433294767285     
   5858.2849221188699     
   5861.4265147610231     
   5864.5681074031891     
   5867.7097000453668     
   5870.8512926875565     
   5873.9928853297597     
   5877.1344779719739     
   5880.2760706142008     
   5883.4176632564395     
   5886.5592558986900     
   5889.7008485409533     
   5892.8424411832284     
   5895.9840338255153     
   5899.1256264678150     
   5902.2672191101265     
   5905.4088117524498     
   5908.5504043947849     
   5911.6919970371318     
   5914.8335896794906     
   5917.9751823218621     
   5921.1167749642445     
   5924.2583676066397     
   5927.3999602490467     
   5930.5415528914646     
   5933.6831455338952     
   5936.8247381763376     
   5939.9663308187919     
   5943.1079234612571     
   5946.2495161037350     
   5949.3911087462238     
   5952.5327013887254     
   5955.6742940312379     
   5958.8158866737622     
   5961.9574793162983     
   5965.0990719588453     
   5968.2406646014051     
   5971.3822572439758     
   5974.5238498865583     
   5977.6654425291526     
   5980.8070351717579     
   5983.9486278143750     
   5987.0902204570039     
   5990.2318130996437     
   5993.3734057422953     
   5996.5149983849587     
   5999.6565910276331     
   6002.7981836703193     
   6005.9397763130164     
   6009.0813689557253     
   6012.2229615984452     
   6015.3645542411768     
   6018.5061468839194     
   6021.6477395266738     
   6024.7893321694391     
   6027.9309248122154     
   6031.0725174550034     
   6034.2141100978033     
   6037.3557027406132     
   6040.4972953834349     
   6043.6388880262675     
   6046.7804806691120     
   6049.9220733119673     
   6053.0636659548336     
   6056.2052585977108     
   6059.3468512405998     
   6062.4884438834988     
   6065.6300365264096     
   6068.7716291693314     
   6071.9132218122650     
   6075.0548144552085     
   6078.1964070981630     
   6081.3379997411294     
   6084.4795923841057     
   6087.6211850270938     
   6090.7627776700920     
   6093.9043703131019     
   6097.0459629561228     
   6100.1875555991537     
   6103.3291482421964     
   6106.4707408852491     
   6109.6123335283137     
   6112.7539261713882     
   6115.8955188144737     
   6119.0371114575701     
   6122.1787041006774     
   6125.3202967437956     
   6128.4618893869238     
   6131.6034820300629     
   6134.7450746732129     
   6137.8866673163739     
   6141.0282599595457     
   6144.1698526027276     
   6147.3114452459204     
   6150.4530378891232     
   6153.5946305323378     
   6156.7362231755624     
   6159.8778158187970     
   6163.0194084620425     
   6166.1610011052990     
   6169.3025937485654     
   6172.4441863918428     
   6175.5857790351311     
   6178.7273716784284     
   6181.8689643217376     
   6185.0105569650568     
   6188.1521496083860     
   6191.2937422517261     
   6194.4353348950763     
   6197.5769275384373     
   6200.7185201818083     
   6203.8601128251894     
   6207.0017054685813     
   6210.1432981119833     
   6213.2848907553962     
   6216.4264833988182     
   6219.5680760422520     
   6222.7096686856949     
   6225.8512613291477     
   6228.9928539726116     
   6232.1344466160854     
   6235.2760392595701     
   6238.4176319030639     
   6241.5592245465687     
   6244.7008171900834     
   6247.8424098336081     
   6250.9840024771429     
   6254.1255951206876     
   6257.2671877642424     
   6260.4087804078072     
   6263.5503730513828     
   6266.6919656949676     
   6269.8335583385633     
   6272.9751509821681     
   6276.1167436257838     
   6279.2583362694086     
   6282.3999289130434     
   6285.5415215566891     
        1001
   2.4048255576957729     
   5.5200781102863106     
   8.6537279129110125     
   11.791534439014281     
   14.930917708487787     
   18.071063967910924     
   21.211636629879258     
   24.352471530749302     
   27.493479132040253     
   30.634606468431976     
   33.775820213573567     
   36.917098353664045     
   40.058425764628240     
   43.199791713176730     
   46.341188371661815     
   49.482609897397815     
   52.624051841114998     
   55.765510755019982     
   58.906983926080940     
   62.048469190227166     
   65.189964800206866     
   68.331469329856802     
   71.472981603593738     
   74.614500643701831     
   77.756025630388052     
   80.897555871137627     
   84.039090776938195     
   87.180629843641157     
   90.322172637210485     
   93.463718781944777     
   96.605267950996264     
   99.746819858680595     
   102.88837425419480     
   106.02993091645162     
   109.17148964980538     
   112.31305028049491     
   115.45461265366694     
   118.59617663087253     
   121.73774208795096     
   124.87930891323295     
   128.02087700600833     
   131.16244627521391     
   134.30401663830546     
   137.44558802028428     
   140.58716035285428     
   143.72873357368974     
   146.87030762579664     
   150.01188245695477     
   153.15345801922788     
   156.29503426853353     
   159.43661116426316     
   162.57818866894667     
   165.71976674795502     
   168.86134536923583     
   172.00292450307819     
   175.14450412190274     
   178.28608420007376     
   181.42766471373105     
   184.56924564063871     
   187.71082696004936     
   190.85240865258152     
   193.99399070010912     
   197.13557308566141     
   200.27715579333241     
   203.41873880819864     
   206.56032211624446     
   209.70190570429406     
   212.84348955994949     
   215.98507367153402     
   219.12665802804057     
   222.26824261908430     
   225.40982743485932     
   228.55141246609881     
   231.69299770403853     
   234.83458314038324     
   237.97616876727565     
   241.11775457726802     
   244.25934056329569     
   247.40092671865281     
   250.54251303696995     
   253.68409951219309     
   256.82568613856444     
   259.96727291060449     
   263.10885982309549     
   266.25044687106589     
   269.39203404977604     
   272.53362135470491     
   275.67520878153744     
   278.81679632615311     
   281.95838398461490     
   285.09997175315954     
   288.24155962818770     
   291.38314760625519     
   294.52473568406498     
   297.66632385845895     
   300.80791212641111     
   303.94950048502056     
   307.09108893150506     
   310.23267746319499     
   313.37426607752786     
   316.51585477204293     
   319.65744354437618     
   322.79903239225553     
   325.94062131349671     
   329.08221030599856     
   332.22379936773962     
   335.36538849677413     
   338.50697769122849     
   341.64856694929807     
   344.79015626924399     
   347.93174564939022     
   351.07333508812059     
   354.21492458387644     
   357.35651413515376     
   360.49810374050105     
   363.63969339851701     
   366.78128310784831     
   369.92287286718749     
   373.06446267527127     
   376.20605253087848     
   379.34764243282848     
   382.48923237997934     
   385.63082237122637     
   388.77241240550063     
   391.91400248176740     
   395.05559259902486     
   398.19718275630282     
   401.33877295266154     
   404.48036318719039     
   407.62195345900687     
   410.76354376725533     
   413.90513411110635     
   417.04672448975526     
   420.18831490242161     
   423.32990534834806     
   426.47149582679964     
   429.61308633706273     
   432.75467687844457     
   435.89626745027232     
   439.03785805189244     
   442.17944868266994     
   445.32103934198773     
   448.46263002924599     
   451.60422074386167     
   454.74581148526772     
   457.88740225291281     
   461.02899304626044     
   464.17058386478880     
   467.31217470798998     
   470.45376557536986     
   473.59535646644713     
   476.73694738075335     
   479.87853831783229     
   483.02012927723973     
   486.16172025854263     
   489.30331126131938     
   492.44490228515900     
   495.58649332966087     
   498.72808439443457     
   501.86967547909939     
   505.01126658328411     
   508.15285770662672     
   511.29444884877404     
   514.43604000938160     
   517.57763118811329     
   520.71922238464094     
   523.86081359864454     
   527.00240482981155     
   530.14399607783673     
   533.28558734242210     
   536.42717862327697     
   539.56876992011689     
   542.71036123266447     
   545.85195256064833     
   548.99354390380358     
   552.13513526187126     
   555.27672663459816     
   558.41831802173692     
   561.55990942304572     
   564.70150083828798     
   567.84309226723246     
   570.98468370965304     
   574.12627516532848     
   577.26786663404243     
   580.40945811558299     
   583.55104960974325     
   586.69264111632026     
   589.83423263511565     
   592.97582416593536     
   596.11741570858931     
   599.25900726289115     
   602.40059882865887     
   605.54219040571377     
   608.68378199388133     
   611.82537359299033     
   614.96696520287287     
   618.10855682336501     
   621.25014845430542     
   624.39174009553676     
   627.53333174690420     
   630.67492340825640     
   633.81651507944491     
   636.95810676032409     
   640.09969845075136     
   643.24129015058668     
   646.38288185969304     
   649.52447357793574     
   652.66606530518300     
   655.80765704130533     
   658.94924878617587     
   662.09084053967001     
   665.23243230166565     
   668.37402407204286     
   671.51561585068396     
   674.65720763747356     
   677.79879943229844     
   680.94039123504717     
   684.08198304561085     
   687.22357486388205     
   690.36516668975571     
   693.50675852312850     
   696.64835036389889     
   699.78994221196729     
   702.93153406723582     
   706.07312592960852     
   709.21471779899082     
   712.35630967528994     
   715.49790155841492     
   718.63949344827620     
   721.78108534478577     
   724.92267724785722     
   728.06426915740565     
   731.20586107334748     
   734.34745299560075     
   737.48904492408485     
   740.63063685872032     
   743.77222879942929     
   746.91382074613512     
   750.05541269876244     
   753.19700465723724     
   756.33859662148666     
   759.48018859143895     
   762.62178056702362     
   765.76337254817133     
   768.90496453481410     
   772.04655652688461     
   775.18814852431694     
   778.32974052704628     
   781.47133253500863     
   784.61292454814111     
   787.75451656638188     
   790.89610858967012     
   794.03770061794592     
   797.17929265115026     
   800.32088468922518     
   803.46247673211349     
   806.60406877975890     
   809.74566083210607     
   812.88725288910064     
   816.02884495068872     
   819.17043701681746     
   822.31202908743501     
   825.45362116249009     
   828.59521324193202     
   831.73680532571132     
   834.87839741377888     
   838.01998950608652     
   841.16158160258669     
   844.30317370323269     
   847.44476580797834     
   850.58635791677818     
   853.72795002958753     
   856.86954214636228     
   860.01113426705899     
   863.15272639163470     
   866.29431852004745     
   869.43591065225542     
   872.57750278821777     
   875.71909492789393     
   878.86068707124423     
   882.00227921822932     
   885.14387136881055     
   888.28546352294973     
   891.42705568060933     
   894.56864784175218     
   897.71024000634168     
   900.85183217434178     
   903.99342434571702     
   907.13501652043215     
   910.27660869845283     
   913.41820087974475     
   916.55979306427434     
   919.70138525200855     
   922.84297744291439     
   925.98456963695980     
   929.12616183411285     
   932.26775403434215     
   935.40934623761666     
   938.55093844390592     
   941.69253065317957     
   944.83412286540795     
   947.97571508056160     
   951.11730729861165     
   954.25889951952945     
   957.40049174328681     
   960.54208396985575     
   963.68367619920889     
   966.82526843131905     
   969.96686066615950     
   973.10845290370366     
   976.25004514392549     
   979.39163738679918     
   982.53322963229948     
   985.67482188040105     
   988.81641413107923     
   991.95800638430944     
   995.09959864006760     
   998.24119089832982     
   1001.3827831590726     
   1004.5243754222724     
   1007.6659676879066     
   1010.8075599559522     
   1013.9491522263870     
   1017.0907444991888     
   1020.2323367743356     
   1023.3739290518060     
   1026.5155213315786     
   1029.6571136136322     
   1032.7987058979463     
   1035.9402981844999     
   1039.0818904732730     
   1042.2234827642455     
   1045.3650750573975     
   1048.5066673527092     
   1051.6482596501617     
   1054.7898519497355     
   1057.9314442514121     
   1061.0730365551724     
   1064.2146288609981     
   1067.3562211688709     
   1070.4978134787730     
   1073.6394057906864     
   1076.7809981045934     
   1079.9225904204768     
   1083.0641827383195     
   1086.2057750581041     
   1089.3473673798142     
   1092.4889597034328     
   1095.6305520289438     
   1098.7721443563312     
   1101.9137366855782     
   1105.0553290166695     
   1108.1969213495893     
   1111.3385136843222     
   1114.4801060208526     
   1117.6216983591655     
   1120.7632906992458     
   1123.9048830410788     
   1127.0464753846500     
   1130.1880677299446     
   1133.3296600769484     
   1136.4712524256472     
   1139.6128447760268     
   1142.7544371280737     
   1145.8960294817741     
   1149.0376218371143     
   1152.1792141940809     
   1155.3208065526608     
   1158.4623989128406     
   1161.6039912746076     
   1164.7455836379488     
   1167.8871760028514     
   1171.0287683693032     
   1174.1703607372913     
   1177.3119531068037     
   1180.4535454778281     
   1183.5951378503526     
   1186.7367302243651     
   1189.8783225998541     
   1193.0199149768075     
   1196.1615073552141     
   1199.3030997350625     
   1202.4446921163412     
   1205.5862844990390     
   1208.7278768831452     
   1211.8694692686483     
   1215.0110616555380     
   1218.1526540438033     
   1221.2942464334335     
   1224.4358388244182     
   1227.5774312167471     
   1230.7190236104097     
   1233.8606160053962     
   1237.0022084016960     
   1240.1438007992992     
   1243.2853931981965     
   1246.4269855983773     
   1249.5685779998325     
   1252.7101704025524     
   1255.8517628065274     
   1258.9933552117479     
   1262.1349476182052     
   1265.2765400258895     
   1268.4181324347919     
   1271.5597248449033     
   1274.7013172562149     
   1277.8429096687180     
   1280.9845020824034     
   1284.1260944972628     
   1287.2676869132872     
   1290.4092793304685     
   1293.5508717487980     
   1296.6924641682676     
   1299.8340565888689     
   1302.9756490105938     
   1306.1172414334339     
   1309.2588338573814     
   1312.4004262824285     
   1315.5420187085670     
   1318.6836111357893     
   1321.8252035640876     
   1324.9667959934541     
   1328.1083884238815     
   1331.2499808553623     
   1334.3915732878888     
   1337.5331657214538     
   1340.6747581560498     
   1343.8163505916700     
   1346.9579430283070     
   1350.0995354659535     
   1353.2411279046025     
   1356.3827203442474     
   1359.5243127848810     
   1362.6659052264965     
   1365.8074976690873     
   1368.9490901126464     
   1372.0906825571674     
   1375.2322750026435     
   1378.3738674490683     
   1381.5154598964352     
   1384.6570523447378     
   1387.7986447939702     
   1390.9402372441255     
   1394.0818296951977     
   1397.2234221471806     
   1400.3650146000680     
   1403.5066070538539     
   1406.6481995085323     
   1409.7897919640973     
   1412.9313844205428     
   1416.0729768778633     
   1419.2145693360524     
   1422.3561617951048     
   1425.4977542550148     
   1428.6393467157764     
   1431.7809391773842     
   1434.9225316398326     
   1438.0641241031165     
   1441.2057165672297     
   1444.3473090321672     
   1447.4889014979237     
   1450.6304939644938     
   1453.7720864318721     
   1456.9136789000536     
   1460.0552713690329     
   1463.1968638388048     
   1466.3384563093646     
   1469.4800487807067     
   1472.6216412528265     
   1475.7632337257191     
   1478.9048261993794     
   1482.0464186738022     
   1485.1880111489832     
   1488.3296036249174     
   1491.4711961016001     
   1494.6127885790263     
   1497.7543810571915     
   1500.8959735360911     
   1504.0375660157206     
   1507.1791584960754     
   1510.3207509771507     
   1513.4623434589421     
   1516.6039359414453     
   1519.7455284246560     
   1522.8871209085696     
   1526.0287133931818     
   1529.1703058784883     
   1532.3118983644849     
   1535.4534908511671     
   1538.5950833385311     
   1541.7366758265725     
   1544.8782683152872     
   1548.0198608046710     
   1551.1614532947201     
   1554.3030457854302     
   1557.4446382767974     
   1560.5862307688178     
   1563.7278232614874     
   1566.8694157548023     
   1570.0110082487586     
   1573.1526007433524     
   1576.2941932385800     
   1579.4357857344376     
   1582.5773782309213     
   1585.7189707280277     
   1588.8605632257529     
   1592.0021557240932     
   1595.1437482230451     
   1598.2853407226048     
   1601.4269332227689     
   1604.5685257235336     
   1607.7101182248960     
   1610.8517107268517     
   1613.9933032293980     
   1617.1348957325310     
   1620.2764882362476     
   1623.4180807405442     
   1626.5596732454173     
   1629.7012657508640     
   1632.8428582568806     
   1635.9844507634641     
   1639.1260432706110     
   1642.2676357783184     
   1645.4092282865827     
   1648.5508207954008     
   1651.6924133047698     
   1654.8340058146864     
   1657.9755983251473     
   1661.1171908361496     
   1664.2587833476903     
   1667.4003758597664     
   1670.5419683723746     
   1673.6835608855120     
   1676.8251533991759     
   1679.9667459133630     
   1683.1083384280705     
   1686.2499309432953     
   1689.3915234590349     
   1692.5331159752864     
   1695.6747084920466     
   1698.8163010093128     
   1701.9578935270824     
   1705.0994860453525     
   1708.2410785641202     
   1711.3826710833832     
   1714.5242636031383     
   1717.6658561233828     
   1720.8074486441144     
   1723.9490411653301     
   1727.0906336870273     
   1730.2322262092036     
   1733.3738187318561     
   1736.5154112549826     
   1739.6570037785800     
   1742.7985963026463     
   1745.9401888271786     
   1749.0817813521746     
   1752.2233738776317     
   1755.3649664035474     
   1758.5065589299193     
   1761.6481514567449     
   1764.7897439840219     
   1767.9313365117478     
   1771.0729290399202     
   1774.2145215685366     
   1777.3561140975951     
   1780.4977066270928     
   1783.6392991570278     
   1786.7808916873976     
   1789.9224842181998     
   1793.0640767494324     
   1796.2056692810929     
   1799.3472618131793     
   1802.4888543456891     
   1805.6304468786204     
   1808.7720394119708     
   1811.9136319457380     
   1815.0552244799201     
   1818.1968170145149     
   1821.3384095495201     
   1824.4800020849336     
   1827.6215946207537     
   1830.7631871569777     
   1833.9047796936038     
   1837.0463722306301     
   1840.1879647680544     
   1843.3295573058747     
   1846.4711498440888     
   1849.6127423826949     
   1852.7543349216908     
   1855.8959274610747     
   1859.0375200008448     
   1862.1791125409989     
   1865.3207050815349     
   1868.4622976224512     
   1871.6038901637457     
   1874.7454827054166     
   1877.8870752474620     
   1881.0286677898800     
   1884.1702603326687     
   1887.3118528758262     
   1890.4534454193508     
   1893.5950379632407     
   1896.7366305074938     
   1899.8782230521085     
   1903.0198155970832     
   1906.1614081424159     
   1909.3030006881047     
   1912.4445932341480     
   1915.5861857805442     
   1918.7277783272914     
   1921.8693708743876     
   1925.0109634218318     
   1928.1525559696217     
   1931.2941485177560     
   1934.4357410662326     
   1937.5773336150501     
   1940.7189261642068     
   1943.8605187137011     
   1947.0021112635313     
   1950.1437038136958     
   1953.2852963641931     
   1956.4268889150214     
   1959.5684814661793     
   1962.7100740176650     
   1965.8516665694769     
   1968.9932591216138     
   1972.1348516740738     
   1975.2764442268556     
   1978.4180367799574     
   1981.5596293333781     
   1984.7012218871157     
   1987.8428144411689     
   1990.9844069955363     
   1994.1259995502162     
   1997.2675921052075     
   2000.4091846605083     
   2003.5507772161175     
   2006.6923697720333     
   2009.8339623282545     
   2012.9755548847797     
   2016.1171474416074     
   2019.2587399987360     
   2022.4003325561646     
   2025.5419251138912     
   2028.6835176719148     
   2031.8251102302340     
   2034.9667027888474     
   2038.1082953477535     
   2041.2498879069510     
   2044.3914804664387     
   2047.5330730262151     
   2050.6746655862789     
   2053.8162581466290     
   2056.9578507072638     
   2060.0994432681819     
   2063.2410358293828     
   2066.3826283908638     
   2069.5242209526250     
   2072.6658135146645     
   2075.8074060769814     
   2078.9489986395733     
   2082.0905912024405     
   2085.2321837655809     
   2088.3737763289937     
   2091.5153688926771     
   2094.6569614566301     
   2097.7985540208515     
   2100.9401465853407     
   2104.0817391500955     
   2107.2233317151154     
   2110.3649242803986     
   2113.5065168459446     
   2116.6481094117521     
   2119.7897019778197     
   2122.9312945441466     
   2126.0728871107308     
   2129.2144796775719     
   2132.3560722446691     
   2135.4976648120205     
   2138.6392573796252     
   2141.7808499474822     
   2144.9224425155903     
   2148.0640350839485     
   2151.2056276525554     
   2154.3472202214102     
   2157.4888127905119     
   2160.6304053598597     
   2163.7719979294516     
   2166.9135904992872     
   2170.0551830693653     
   2173.1967756396848     
   2176.3383682102444     
   2179.4799607810437     
   2182.6215533520817     
   2185.7631459233567     
   2188.9047384948676     
   2192.0463310666141     
   2195.1879236385948     
   2198.3295162108088     
   2201.4711087832552     
   2204.6127013559326     
   2207.7542939288405     
   2210.8958865019777     
   2214.0374790753431     
   2217.1790716489359     
   2220.3206642227547     
   2223.4622567967995     
   2226.6038493710685     
   2229.7454419455607     
   2232.8870345202758     
   2236.0286270952129     
   2239.1702196703700     
   2242.3118122457472     
   2245.4534048213436     
   2248.5949973971574     
   2251.7365899731885     
   2254.8781825494357     
   2258.0197751258979     
   2261.1613677025748     
   2264.3029602794645     
   2267.4445528565675     
   2270.5861454338815     
   2273.7277380114069     
   2276.8693305891416     
   2280.0109231670858     
   2283.1525157452379     
   2286.2941083235974     
   2289.4357009021633     
   2292.5772934809352     
   2295.7188860599113     
   2298.8604786390915     
   2302.0020712184751     
   2305.1436637980605     
   2308.2852563778479     
   2311.4268489578353     
   2314.5684415380229     
   2317.7100341184096     
   2320.8516266989941     
   2323.9932192797760     
   2327.1348118607548     
   2330.2764044419291     
   2333.4179970232985     
   2336.5595896048621     
   2339.7011821866195     
   2342.8427747685691     
   2345.9843673507107     
   2349.1259599330433     
   2352.2675525155664     
   2355.4091450982787     
   2358.5507376811802     
   2361.6923302642695     
   2364.8339228475465     
   2367.9755154310096     
   2371.1171080146587     
   2374.2587005984933     
   2377.4002931825116     
   2380.5418857667141     
   2383.6834783510990     
   2386.8250709356666     
   2389.9666635204153     
   2393.1082561053445     
   2396.2498486904542     
   2399.3914412757431     
   2402.5330338612107     
   2405.6746264468561     
   2408.8162190326789     
   2411.9578116186781     
   2415.0994042048528     
   2418.2409967912031     
   2421.3825893777275     
   2424.5241819644261     
   2427.6657745512980     
   2430.8073671383418     
   2433.9489597255579     
   2437.0905523129445     
   2440.2321449005021     
   2443.3737374882294     
   2446.5153300761258     
   2449.6569226641905     
   2452.7985152524234     
   2455.9401078408232     
   2459.0817004293895     
   2462.2232930181221     
   2465.3648856070199     
   2468.5064781960823     
   2471.6480707853084     
   2474.7896633746982     
   2477.9312559642508     
   2481.0728485539657     
   2484.2144411438421     
   2487.3560337338795     
   2490.4976263240769     
   2493.6392189144344     
   2496.7808115049506     
   2499.9224040956256     
   2503.0639966864587     
   2506.2055892774488     
   2509.3471818685957     
   2512.4887744598991     
   2515.6303670513580     
   2518.7719596429715     
   2521.9135522347397     
   2525.0551448266615     
   2528.1967374187370     
   2531.3383300109649     
   2534.4799226033447     
   2537.6215151958763     
   2540.7631077885590     
   2543.9047003813921     
   2547.0462929743749     
   2550.1878855675072     
   2553.3294781607879     
   2556.4710707542172     
   2559.6126633477943     
   2562.7542559415183     
   2565.8958485353887     
   2569.0374411294056     
   2572.1790337235675     
   2575.3206263178749     
   2578.4622189123265     
   2581.6038115069223     
   2584.7454041016613     
   2587.8869966965431     
   2591.0285892915672     
   2594.1701818867332     
   2597.3117744820406     
   2600.4533670774890     
   2603.5949596730775     
   2606.7365522688060     
   2609.8781448646737     
   2613.0197374606801     
   2616.1613300568247     
   2619.3029226531071     
   2622.4445152495273     
   2625.5861078460839     
   2628.7277004427769     
   2631.8692930396055     
   2635.0108856365696     
   2638.1524782336687     
   2641.2940708309020     
   2644.4356634282694     
   2647.5772560257701     
   2650.7188486234040     
   2653.8604412211703     
   2657.0020338190684     
   2660.1436264170979     
   2663.2852190152589     
   2666.4268116135499     
   2669.5684042119719     
   2672.7099968105231     
   2675.8515894092034     
   2678.9931820080128     
   2682.1347746069505     
   2685.2763672060159     
   2688.4179598052087     
   2691.5595524045284     
   2694.7011450039749     
   2697.8427376035474     
   2700.9843302032459     
   2704.1259228030690     
   2707.2675154030176     
   2710.4091080030898     
   2713.5507006032863     
   2716.6922932036064     
   2719.8338858040493     
   2722.9754784046149     
   2726.1170710053029     
   2729.2586636061123     
   2732.4002562070436     
   2735.5418488080954     
   2738.6834414092682     
   2741.8250340105606     
   2744.9666266119730     
   2748.1082192135045     
   2751.2498118151552     
   2754.3914044169242     
   2757.5329970188113     
   2760.6745896208158     
   2763.8161822229381     
   2766.9577748251768     
   2770.0993674275323     
   2773.2409600300034     
   2776.3825526325909     
   2779.5241452352930     
   2782.6657378381105     
   2785.8073304410423     
   2788.9489230440881     
   2792.0905156472481     
   2795.2321082505209     
   2798.3737008539069     
   2801.5152934574057     
   2804.6568860610164     
   2807.7984786647394     
   2810.9400712685733     
   2814.0816638725187     
   2817.2232564765745     
   2820.3648490807409     
   2823.5064416850173     
   2826.6480342894033     
   2829.7896268938985     
   2832.9312194985023     
   2836.0728121032148     
   2839.2144047080355     
   2842.3559973129645     
   2845.4975899180004     
   2848.6391825231435     
   2851.7807751283931     
   2854.9223677337495     
   2858.0639603392119     
   2861.2055529447798     
   2864.3471455504532     
   2867.4887381562312     
   2870.6303307621142     
   2873.7719233681014     
   2876.9135159741927     
   2880.0551085803877     
   2883.1967011866855     
   2886.3382937930869     
   2889.4798863995902     
   2892.6214790061963     
   2895.7630716129042     
   2898.9046642197136     
   2902.0462568266244     
   2905.1878494336361     
   2908.3294420407487     
   2911.4710346479615     
   2914.6126272552738     
   2917.7542198626861     
   2920.8958124701981     
   2924.0374050778087     
   2927.1789976855180     
   2930.3205902933255     
   2933.4621829012312     
   2936.6037755092348     
   2939.7453681173361     
   2942.8869607255342     
   2946.0285533338288     
   2949.1701459422202     
   2952.3117385507080     
   2955.4533311592913     
   2958.5949237679706     
   2961.7365163767449     
   2964.8781089856143     
   2968.0197015945782     
   2971.1612942036363     
   2974.3028868127890     
   2977.4444794220349     
   2980.5860720313749     
   2983.7276646408077     
   2986.8692572503332     
   2990.0108498599516     
   2993.1524424696622     
   2996.2940350794647     
   2999.4356276893595     
   3002.5772202993453     
   3005.7188129094220     
   3008.8604055195901     
   3012.0019981298483     
   3015.1435907401969     
   3018.2851833506356     
   3021.4267759611644     
   3024.5683685717822     
   3027.7099611824892     
   3030.8515537932853     
   3033.9931464041697     
   3037.1347390151427     
   3040.2763316262040     
   3043.4179242373525     
   3046.5595168485893     
   3049.7011094599129     
   3052.8427020713234     
   3055.9842946828207     
   3059.1258872944045     
   3062.2674799060746     
   3065.4090725178303     
   3068.5506651296719     
   3071.6922577415990     
   3074.8338503536111     
   3077.9754429657078     
   3081.1170355778895     
   3084.2586281901554     
   3087.4002208025054     
   3090.5418134149395     
   3093.6834060274568     
   3096.8249986400574     
   3099.9665912527416     
   3103.1081838655082     
   3106.2497764783575     
   3109.3913690912891     
   3112.5329617043026     
   3115.6745543173984     
   3118.8161469305755     
   3121.9577395438337     
   3125.0993321571732     
   3128.2409247705937     
   3131.3825173840946     
   3134.5241099976761     
   3137.6657026113371     
   3140.8072952250786     
   3143.9488878388997     

